m

swa (-111, 11), 1111111111, 111111, 1111111,
mutuum,- 1111111111111111, 1111111 (111
1111111), 111. 19 ,· 11111111, 2. cinq„ 11111. 1,·
111. 10 (111 11111111 1111111111, constituerunt,
SE. 1⁵0. 52. 216,- 11111111 1111111, 1111111111
111, 6). 111111111111111111, quam 11111
11111111. - 1) 11111111, 11191111 11111 11
1111111· 1111 11 11111111 11111 1111111111 111,
11111111. 128,· 111 skegg 111111 111111 111-
11111· 111112111111211ἷ115. 11111
1111 pugnam 1111111, 1111111111, 1111. 19,·
1111111 hon 111 skura 111 1111111111, 111. 17,·
1111111 111111 skura 1111111 1111 pum»
111111, 81. 67, 3,· 1111111 111111 1111111111
11111 11111 111111111111(11111111111)11111111
unibus, SE. 1 628,1,· 111111 11111111
111111111111 w 11111111 111111, 11111. 2, 71,·
1.1111,1111111 1111111111, Gru. 42,- 1111111·
11 gunni 11111111 (1. 1.11111111)1111111111111,
111. 31,· 1 1111111111 111111 1111 11111 1111111
111111 111 versatili 1111 111111 111 111111 11111
(1. e. 1111111 carun 111111 111111 11111 11111111
versatilia), 1111111111. 81, 111 1111111 1111 {dem
11111111111111111111, 11111 1111 1111111111,

1111, 1111111111. - 3) creare: 111 11111
11111 1111111111 11111111, 111111. 21 ,· (1111
1ος 111 111111111111111111111111111111111,
11111. 29,· 11 11· 11111111 11111 11111· 111
oum 1111111111 1111111111, 11111.1,· 11111 1111
11111111· 111, quos 1111111111, 111. 10. - 1)
atemere, 1111111111,111111’111111.· 1111 1111-
11111· (1111111111) 11111 1111111 111111 1111
1 tw! 1111 pugnatores 1111111111 111111 111
2123.131121111111112
111. 38, 11111. Inprimis usurpanti» 11111111
111111 11 1111 111111 1111111111 nmini (1111)
1111111111 111, 11111111. 27, 2,· 1111111 11 1111111
111111 111 1111 111111111111111111111111 1111
1111 (111 terris) 1111111111 111, SE. 11397, 3,·
1111 111111111111111 (111111), 111111 12,
1,· 1111 111 11111111111 111111 111111 11111111
11111, 811. 13,· 1111111111 111 11111 11111111,

122111111111111211.11
1111, 811. 2, 6. nae. 1. 111111111111111111·
1111111, 1111111, meat 11 phrasi 11 ,1111111
a 11111, secundun 1111, 1111 1111111111, 1. ο.
1111 111111 11 1111111111 1111 (111 1111111111)
11111 peruium, 111. 113115, 3 (111. 22,- F.
11 112,· 11111· 111 111.. 111111111111111,
111, 11. 1111 88,- 1111 111 11 1111111111, 11
aa? 11111111 1111111111111, 111, 111. 19,·

r 7, 2).

snm. 11). 111111, 1111111111 111111
111111, 11111111, 111. 111). conpos. 1111111111.

1111121111, 11, 11111111 (11111 3).· 11.
1111111111111111111, 01111111, 11111. 9. Pras„
811. 6291 Vm. 7.

SUAM, 111). 111111. 11111 11111111,
inconpositis: 1111111111, 11111111111, 1111-
1111111, 1111111111, 111111111.

sumn, 11, 111111. 1111. a 11111, qui
11111, 1111111, conparat: 111. 11111111111111-
111111111111111 11111111, 11111111 1111, 111,
811111, 21, 2, 111 accipi 111111 11 11111111,

m

11 apostrophe. 11111 111-111 111 11111111. 71
compos„ 1111111111111.

summm, 11, 111111). macl„ nme
11111111, ,111 57, 11. m 1, 218 (111111 1111
111111111111),11111111. 1111. 1111 1111 1111
111111 11111 1111111111. Forte 1111111 1111-
111111 111 11, qui diqna 111111 11111, 1111

1111111111111111111111111111(1111111111, 1111111111 ι

convenientem (1111111 111 1111111111111, 111111,
1111111, 1111111111). 1111119111111111 apparatu
1111. 1377, 11111 11 111 1111111111 11111 11111-
11111, 11ςὶ 11111 111111 1111111, 1111111
1 11111111, 111 11111)·111111111111111111111.
1111111 11111 111 1111 compos. 1111111111 id,
111111 111 equum, 1111111111, conveniamus
11111111 1111111111 111 1111111111 1111111111.
summm, 11, 111111 draeo (11111,
arem: 11. 1111111111111111, F. 11362, 2,
uaegfflffiulttlffiffim 111111111111111111Ι
3332„ .11111),11111.1, 11, 1,· 111. 11

summan, 11, 1111 1119111 111111
11111 (1111, 1111111101 s. 11111111 1111111
111111 11111111, 111, Korn. 11111. co&
111.

summu, 111, 1111111111 (1111, 11111
11111.),11111111. 16.

8111211161, adv„ 111 convenienter, 1111·
9111111111, 111 exspectandum 1111111111· 1111111
1. 111 11111 1 consentaneo, Am. 71, a
nkapiigr.

swmon, adj„ 1111111111, commum,
1111111111 (11111)1 1111 verit 11111111 1111
consentaneum 1111 11111, 111. 90, quod 111
1111111118. 12221 aigi 11111111 111· 11111
111111, 11 11 11111111 1111 11111111. - 2)
cormedus, 1111111111111111111, 11111111111111,
111111 1111111111111111 (1111111111), ρο·
11111 111111111111, F. VH 77, 1. - 31111111·
2111111111111111111111..

· ³ 1 1
men 11111111 (11111, Μ1111)1 1. 111 'clm
11111111111111,111111, SE. 1 166, 2.

11111211, n„ 111111111ιί1 substantivorum (1
1111),1. 1. 1111111111, (1111111111, 8111111.
3,12), 11111111, 1111111111. 11111111111111
11111111 1111. 111. 111 11, 111. 1, 111 111-111111,
1111. 11111111, NJ. 52, 18.

summu, 11, 11111 11111111 (1111,
mino: 1111111111 11111111 0111111 111111, pom,
811. 1116 2. Sed SE. 1159111. 1111111
1111111111· 1111111111 1111111 (111111), 111.

blm, 1., 1111111111,11111111.128, 111111
1111ιὶ11111· 1111 1111111111 11111111. lm·
11111111 11111111, 19. 29, 1,· 11111111 nupti
1111111,1111111111111111, 111. 1 171), 1,· 11 1
1111 111111111111111111111, NJ. 158, 1. Ι111
conpos„ 1111111111, 1111111111. - 2) 11111111,

11111111 11111111 111111 1111 11111111 1111111111 ·

11111 1111111111 111, (1111. 9,· 1111 1111111111
quatere, 1111111, 1111. 111 111111 111111 1111
1111111111, SE. 1 661, 2. 1111111, 11111111,
1111. 1 173, 1111111111 a 11111, 111111 111
1111 1111111111111 11111, 11111111111111111,
1111111111 1111111, ok 11111111 111111, bug·
11111111 1111 111111 111111. 811111 111111
1 noti 0-ss culu- 1111111111 111 1111111111, sap

 

