m

111111 111 11111111 191 11111111 utrunque
1111111111,8.1187, 1.

8881,111111.11]· 111911.1191,11111111,
11111111 1111111111 1111111111, 1111111. 5. 27,
1111. 3,· mola 1111 111111 loqui, 119111. 259
9111119111 9111 1111111111, 1111111. 97
- 2) 11111, 1111191111,111191191111, 1) 1111
111111 1191111, 25, 8111. 9, 0111. 11 , 811111.
9, Am. 15, Hm. 17. 28, 8111117. -111111
adJeotivo: 1. 111111, 11111 11191111, 11191111,
11119111, 1111111. 10 ,· 1. 111111 non 11111111
(111111),Κ111.18,· 111111911111111,1111-
11111111111111111,11111191111,09. 12,
1111111911191111111191111111191111111 ek
(1111 11111 1119111) 11191111111111 1111
911119 11 11111111 111111 91111111, 8111. 17,
01111. 79, 5.

8881,11.,11111,11111119111111,· 11111-
11911111111 8. X 208, 2 (Α. 11),· 191111
11111 in 1111111, 179. 9, 5,· 1111 111· mbr
1111111 m 111111 11111111 111111, 81. 1, 20
1111111, 11111111 1111111911 ekko, simultas,
pertinaci dolore 111111. Rs. 33,· eiu· 111111,
911111111νί1, 91111191, 08. 22 81111111
11 1119111111, 111 accipi potest 8111111. 7,“ 19.
11111111 1111 mabam 111111 1111911111 11-
19111111, 118111111. 2. 911111111911911111
11111 11911111 11111 111 avis 1119111111.-
2)11111111111.·1111111 10111111,111111
11111 1119111, cum 11111111111111111111111,
Am. 13. - 3) 91119111 dolorem 11111111
111111 (1111101 111111 1111, 1111111111,

11111111, 1111. 21.

88811111,11.,11911111 1111111111,88.1
517171151, 2, 11111111111119111911111
111118.113152,·-1-1111(·111,) 11111,
1111111,2,·-11(91111111),91911,111·

111 11191111111191,919111111, 111, 811.
3111811 398,2),·-191ι·(9’111111111111),
111111, 111111 19111111· 111 89), 71, 3,·- 11111
(1111911),11111,111111 1111111111 mis,
19111 1111111, 189. 73, 2;-111111(19111),
111111, 011. 70, 3, 111 Forte 1111111,11111
91111111 111111 11111, 11111911 11111 111111
911111, 1. 1 1911111 11111 1111 maritimis,
188881188181811188
1111111911, semino! 11 0118111911, (1-
·’111119811111881...1,..1.
88. 1 536, Am. 98, 1111 1191111111 111911
nomn 1119111111. 91. FF. 1 223111111111
1111, Cum 11111 11 1111111 1111· (1119111111
11 calcem 91111 1191191111, 11191111111911111
11111191111111111111, 89. 89, 3. - 2) 911-
1111, 91111111 91111111,88.1558,1,·1111-
1111 111)1,119111)1,1111, 111111 20,
8119, 3, 111162, 23, 88229,2
011. 70, 5. 92, 1221. 811111111191, 1111
0111111, 8111111, 88.1280,1,·1111111111111
9999121111 91911111, [1111111 91911, 88. Ι

888,111., 9111111191 vm 11111111,
919111 11111 911111 1111 1111111111, 1. 1. 11111-
11111 (1111, 8811 171, 1. 8119111 111
111111, 11. qu. 1111 11111111,11111911 (11·
1111111 1111111 1 111-11111,11111111111.
1.0111111,11981 76,1199111111]·.1111,

130 111.

911111, 11111111. T. 81 9. 39 11111111
911111· 1111111, 91111 111111 1111111, 11191111
111111111111.
1111,9.,1191111111111111,11191111,
1119119111, 88. 1113, 3· 11. 1111191191,
1911111, 11111 1111111, 1111191191, 119. 35,
1,·1111111111111,119·111111111111111.

1111,1.,11111, SE. 11171, 1.

11111111.11.,11191191111111119111,
111, 111111)99·1111(1111111.1119111111 911-
1111 19111, 8111. 57.

8881, F 11111, 81.1.11111111,·919191,
1111111111111 111111111- lm· 111111
1111111191111, 111.1125,· .1191. 1111,·
arvum novale, 111111. 1111, 81119. 816.

811,11.1., 91111111 11111 1111119111 1111111111,
11 1111111111ῐί 1111111111111111111111111,
7111. 35, 2. Gen. 91. 111 1111911 1111111,
111111 911111111111,111111,111 111111 111,
11191111111,111,1111.21,·111 11191 11-
1111,111 1119191111· 11111, Has. 32; 1191
1111,11111 911111111111,111111, 111111.
(8111. il 91111111),· 111111 1111111, 1111-
11191111 1111 1111,111111111111 1111111191,
8111111 111111. AF- 2) 11 circumscriptionibus
'3¹:⁹22 111191· 1138181811
171,1;-.911111119191111(111911),11.,
11111·- 11111111· (1111111), 11., 11111
11111111· 111 11111, 111111111111111111111,
1111111 mium, 111,8.1187, 2;-11111
(1111911111),11.,08.130,8,-1111111,
1111911,-1111111191 (111911), 11., 881
126, 3,- -199111 (0111111), 11., 11. 28,· 111
199111111,9111111 911911, 9111111, 8. 11
87, 2. 8111 91111111 1111119111, 111111,
11111111,1111119111111111,1111191,1111111111,

11, 11111111,11111191111,1111111111,1111111,

1111191111,11111111,111111111111.1111111111-
lorum 111191111111 111911111111111 37,11,·
1111118181 1111811118,Ἢί
1111111 11111111, 111. 30, 18. -2) 1111111 11
11911,11111,111111,111,11111111,11111111,
811.11500,·111111111118.2.-3)11111.,
9191111111 111 11 91111 111119 Ι 11111 111111
(11111) 111111 1,11911111111111 919111, 9111, 89.
55, 2. 81119111111111111191 11 verit
111111 1191111111 (1.1.919111)(111,81111.
6,,·1 1111111111111111119111111, 811111.
7, 30,· ν1119111119111111111111111,1111.
1811119111 111111 11191111,1119111111111 111
9119111 (11190111111919111 11911111 911911
111111.11.--1)111911111111111111,911·
111,111111,111111,1111Ι,1111111,1111111.
811, 1...19111 1111. 111. 11111111, 11111.
m (111,1111,111), 1.11,11111111·11,
11111111 (111), 1119111 1111 1111· aqua 11111
1111111011111111, 88. 11211. 2.
11111011, 11., 9111 11111111 199111,(
1111911η11111911111111919111111919-
11111)19·9·111111,911911111,111,1111.22.
111011,11.,11.91.11’9111(11, 1111)·
1. 9111111, procellam 8111111 (91911111)
191111111111111, 01.11,·1.81111111(011·
1111), 11.,119. 103, 3, 1111 111111 1111191111·
1111111 111 1111111111.
11111. 11 11111.

 

