1116

,611166116611166166 132, 16. qu. 616666111,
6161611111 (F. 11 309), 6161661111(1’. Χ 353).
7166161616111611, 611 11611 1. 6. 11161161. 132
1119111611 11111 1161161161 6161(1) 61 1116111111
1199111, 6666111 sensu. Vide 116. Soron. 11
170, 1161. 231, 91616911 6166119911 61 hro·
basol). 11,, 1611911111 16611 11. 1669616611
11111616, 8611. 80,· nemo 6-111 6166 (116616
11111 6166), 16, 611111. 82, 1. 1111111111,
11111 1”ἔ,11’ῗ’ἱὶ.ἕ,’ἷ.1’ἔ.1ἐῗ.ῗ.661 ..61ῗῖ1
86. 3, 17, 111111 foederis 11111116 1116161161, 6166
Sos. 611. 1169691. 12: „icturi [reclusorum
16111916 oua 11111111 1619111111 aspersione 961-
(16661666111166616111, amicitiarum 91191161 61-
111111 morio 6661661616 1111611111”. 61111111
61661 11111111 v. 6111161, - 2) 6166 pro 6166161,
fimo 1619116111 6166 1961161 111611· 1116611111
61. 15,· 6911· 61661 91119116, 811111. 5, 17, 1,
1111 1111 16611 61661 1 69116111 616611 6661-
piceo· 916661116916116 11611111 611. — 3) 111
11119661111111191116166, 116116166, 1616166.

anonumum, 91. p. 6611191. 1611911116 961·-
sum, (6166, 11111). 66 clipeo, 16. 19, 5.

66666186, 1., 191111 161191ιὶ1111, (6166,
6111)1 61666111 6111191916 6111 6111191 61661,
611111, 6 6111916166, 16119611 (1. 6. 1191161
1111116111)Μ1Ξ61;11ἑὃ 4aqgo. 9111111 611191616611111
nonos, .

6666116666. 11,, 1116111 1619611111, 16191111
esum: 61916611 611661 61. 6611111 6166-
Ἵ61666Α661 1613661166, (91. 1669111116
malz 61116, 1111116), 816. 11 562, pro 9116

6666666661 661, 6116111 1669111111,
(6166, 11661), 69116. 916611, Koron. 11, 9.

66666666, 11,, 611161 1669111111, (6166,
Μ). corvom 61669691 616661116611, 11116.
&omum

116611111161, 11, omma (amr

1111619111) 1619111111,(6166,1161111191), 6611111,
6η6116166116111111ς11.1611116161 corvorum, 16-
111161, 1116 51, 2, do 6111116 69116116 11666111
1., quo 1666 verosimiliter vocativus 611 .· 11111-
111 1116 (111 111611 1111111111 11111111 11111),
6166661111ρο 611611, 616611616111611 6611.

1166111611, 11,, pan ,11111 111 111,
3. 01. 6611611611.
ὠ166116166μ1111, 11. 11111, ef.

666661,11., 116161, (91. 66116196166111,
1 6166), SE. 1531. 561, 1,· 111161 61661,
111111· 1619161111, 16196111, 1611 1111111 61661,
awo 1619611111, 61111161, 011. 61, 2.

6661611111, 16. 911. 61661191, 6111611161, 6166
6166166111.

1101111111, 9166161 1611961111, (6166, 11
t 111), 91661111, F. V. 229, 2. X! 197,
11101192116166111, 1611961161 916611, 9119116,

6666166, 1., porr 916611 (66161661 11111-
m, 91. dicim 1619616611, 6166, 161 =1 11111111,
We, 61116616), SE. 1 567, 3.

6666116661, 11,, 66116116 661 1191116111 1611-
9111661611, 61111),91661’111, 011111 79, 6.

66 11111

6666616116, 11,,11196116119111111, (6166,
111161) 91661111,116. 236, 2.

1116611111, 1., torona, 11. 1511, 1,
61. 1116611111.

666611666ΐῆ. 691. 6611191.,16119111116 noluo,
(11166, 1116161116 6166616161 91116661161669111116
conspersa. 6111111

6161166611. ,6 1111111616. 1.

6666611116. no, 16196116 vulneris, 66116,
(6166, 611111), 1111116. 1, 8, 116. 335, 1,· 11111111·
1116611611, 9116116161 6661616111, 9116116161, 111.

6666011111. ro, 161166 1611961111, (6166,
otri), 6616111, SE. Ι 186, 2.

6666666166, 111., murro 9161111, SE. 1
567, 3, 11611161. 7, 611. 1 127, 1,· SE. 1112
1:⁰54u2531113101121‘'0:1121'2 2:3¹1:
pannum& 11. 1.· 611111111111161 111,
116 6611111111 1111 6161166616.

6666666166, ρ. p. comp. sanquine 11116-
1111, cruentos, (6166, 1161611, 61 111691166-
im: 61. 116661 661911 (916611) 61661116,
11116666160611611, pp. comp„ 1611961116 111-
66111, (6166, 1166101 6166166611 11111611, 119.
32,1,· 616616616111691,11. VH 315, 6,· 6.
661111 1661, 1111. 33.

1166611661, 1.,161161,1111111611 1619111111,
(6166, rost), 611. 225.

6666816661, 11,, 1111 1619611111 1619111,
91661961, (6166111111). 11611161. 11, 1. e. 9111
616 ’111611116111311611116161111
9111 annulorum, 6111 1116616111, 116611666116
161116 6616661.

mmmmm, 6692, clipeum 6111611-
111111 96116111, (6166, 161116161),811’11 190, 1,
66 Vr' 691. 27.

6666616666, p. p. comp„ 1611911116 111-
61111161111,1’11161161, (6166, 11116111), 111111. 10,
1161 6111 61661 11116111, 66 1116116111 69111111,11661
membr. 66661 61...1616111·.

6666811166111, 1111111111 1111191111ιί6, (6166,
11111), corruo, 06. 3, 1111. 31.

6666866116, or.. 9611611619161111, (6166,
11611), corruo: 11161611 6161111111, 1166161161·
6616611611, 916116161,86. 1 708, 3.

6666816611. m, 961111, 66111111 1611961611,
(1111. sym), 611. 161.

6666111661. 111, 91111 1611911111, (6166,
111111), 1616111, 1⁴⁸. XI 195, 1.

11616611661, 1., fieta 6966, nora,
SE. 1321, 50ος 61616811. 1575, 2; ejus
96161, 711961, mare, 16111. 321 (91. 661161611-
ψι6116661116661ῗά116169661 66691, SE. 1
180. 192, 2.

1166611611, 6692, eruentus, 1619616611,
1169111. 7,· 61661191 161, 611. 2, 30,· 61. 611111,
Eo. 63, 2,· 61. 61669691, 111. 11 272,· 61661196
brim. liquor, 11161161· conquiratur, 811. 1 61,
1. 11. cod. ch. membr. 511,· 11166911 61111-
611 1669111161, 16611. 2, 68,· 611161, 1611111-
9611161611111111, 16116161, Vsp- 2916111111,
119. 19, 2,· 6166911 1111111 litero 1619116166,
sou, 61,· 6166119 11161111, 8611. 58,· 11161696.
61661191 er 611111 heim, 61, acerbo 611111

(5)

 

