811

111111, SE. 11199, 7, 11111111. 11111
per y 111 011. 111111. 111111 11111111· 0.
1111111111 11 Ad. 8.

Timauus& 111, 1111111111 11111111,
illaudatus (1111, lausa), 11 11111111 furiosis
(1111111111),1’11.11 155, 1,· 311,1. 1111111.
1111111111, 111 111, 11111111,1“. Χ 130, 61,
11. 111111111111111, 1111. 60. Vide 1111111111.

1111111111, 111, ,lorsam (1111, 11111),

, pro 111111, 1111111111 gloriosus, 1111111111,

mmmm, 1111111, 911111 1111111111,
annulatus, 1111111 parando 11111111 (1111,
ἕΕςιιῆξὸιξσε, 1 (1. 11111· 1111, 1,·

11811811, 111, decen (decadibus) 1111-
111111 (111, noo: 111111 11111111 11111111
(1111111111) 1111111111, 1. 1. 11111111, 111 11-
11111111111· 1111111111 11111111, 11111111 1111-
11111111, 1111111111 decadibus 1111111111, 1. 1.
1111111111 11 11111111 (1111111111 111111 11111111,
ρωὲ1111ἷ1111111111111), SE] 711, 1,· 811111.
7, 2, .

mmmmm, 11111111111111111

11111111 (1111, 1111111, 011. 16, 2 (F. 17

0111001008, 1111111 11111111, 1111111
(1111, 1111111111. 2, 37.

Timum, adj„ {m 1111111(1111,11111),·
111 111111, 111 1111111111, 0. 57, 111 qen.
11111111.
annam, 111, fimum (111, muer),
1.

1111111111, 111, 1111111111, 11111.-
1111 (1111, 11111), 011. 271 Ay. (1111111111),
umque 1111 pro 111111, 11 111 111111.

211111, 111, 111111, [11111 1111111111· 111,
01. 17,1111111111111111. 11111111 111. 111,
0. 521 111. 1111, 111 111, 01. 111 qen. 11111,
1110111111, F. X 175. 11111111.1111111-
1111. theu 11111111 1111111 111 1111111111
11111111 11111111, 0. 521 ‘rums 111 1111
11111, 01. 171 1111 1111 1111111111, SE. 1
111, 21 11201, 2,· 1111111111 1111, 11. 111
1111 1111111 1111 nunna 1111 111111, 111291,
51 1111 1111111 1111, F. 11 3111 1111111111
11111111 w 1111111111, 01. 91 11111 111111
ok 1111 e 11 111111 11111111, 811111. 1,
1111111111 1111 1111111111 1111111, 1111111111
1111111 11111111111111, 011. 92, 7,· 1111111111
111 11111111 11111111 11111111, 01. 11 ,· lm
1111 1111111 111111 11111 11 111 11111111 111111-
1111 1111111111, 118151 pensius 111111 111111
111111 111 ling· 11111 111 perennem 1111
11111111 1111111, ms. 71, 11 nomm fengit
11111111111111111111111111 obtinuimus. 1111.
291 111111111111111 sum 111111 11111111,
01111111, 11. 211 1111111111 11111 11111111
111101 111Μ 1111111111 ’1111111321 (11118 ,ὁ ’1,
11111 111 1111111111 1111111111, 19. 2, 1
(F. 119, 21 V! 21, 311 11111 horna capul
11111111, 111. 1, 1,· 11111 adj„ 0111111111, 11.
gt. 3117111ιὲ11, gith. '12:⁸oe 11111131 1. mag?

. 1 111 111 1111, . ,
21 11125, 3,· 1191121, 11 1111111111
1111111 parim, 11111 11111 111 11111
11111 1111111 1111111111 11111111, 1111. 15.

, 11111

Nota.- 1111111 11111, 111 25, 3, 119111-
111 hastrut 11111, 1111 81111 171. 111. 11

11111111111 11111111111111111-211111111·
11111 rubum 11111, 11111. 3, 1111. 1111,
11111111. 01111. 111. 8111. 11111111 uu
11111 affere 111111 pm. 111, 11111, telu-

11111111, 111, ,corsa maiam 111,
akr: 1111), 1111521111 plur. drukir.

11111111, 111, domm, ill-uris (1η,
’211111101111111111 1....
a: (ἓξ, 1111111111 deo: 1 tangi} 111111,
giumo& 11, 111111111111111), 88. 11

110, 111111, 1111 111.

nunu, 1., 11111111111). 11111,
‘juda 111111 11111 111111111111 dare, 81111
5, m 01111111 11111, 111111.

1111111111, 1), ‹sees-m (1111·
1111111 111 copie 1111111111, 1. e. 111111,
Ρα111111ω11 ’1111112141 1111111111
1111111. 1581 0111115.

11111, 111, 11111,1111111. c 1. 1111111,
et 11111111, 11. 1111111111. 111. 11111.
111, Vespr. 1811111151 111111 111 SR!
30611111γὲιὲιῖ mm 11, 1111111,
111.

118, s„ 11111111 11111111 111 myndo-
11111, 1. e. 1111 1111111111, 111111111, 11. 211
111111· 11111 111111111111111111), 1111 dmin.
11. 9. 11111, 11111111111(1111.),11 la·
111, 11 .31,1 F. 1185, 3),· 111 we. με
1 1111111111, 111. 1, 01 N& 711111
111 aliquando, 1111. 18. 75. 1111111111
111, 111111. 201 1111111111, 0111. 1 .-
2) fortuna, 111111131111111111 11111111.-
1111111111 1111111, auspicato, F. Χ 132, 7⁵,-
1111111 1111111111 auspicatissimo, 111- 35, 1
(F. V! 261 1 111111 11111 11111 oniae, 11-
[1111111111 111, 11111 23,11. sm 8, 111.
conj. 0. auli, 1111111111 inm 11111, 11-
11111111 consectari (AEqeri) 11111111 futuru
11111 1111111111, 111 111 er 1111ι1, 1111· 111
1111111111, 1. 1. 1111111111 111111111111111111-
1111111111 1111111180. 1110, 1 (1111111),-
111 quoque 1111111111 111. 25, 1. -· 3) plu.
11111 11111, 11111111 vulsus· 1111111 uorat«, 111
111111111111111111111111 botarum, 1. e. 1111
11111, euplum, F. 1113111 1111 om· aa·
111111111111111,1111 1-11 aa· 1111 causan
1111111 1111111111, inustam, 11111111
011.).-1111 11111 ..· 111111.

11111111, 111), 1· m, 1111.. «m (111),
11111111, m 111. 1111111111 11 1111111111(
pium 1111111 111 1111111111 111, Πόσα
1181 1111 mik 1111 11111 1111111111 111 eupit,
11111. 11 11 1111 vegs 1111 sm 11 utin
11111111 111111, 811. 211 1111 nik 1111 11111,
SE. 1 281,1. Pau„ 11111, 111111, plauit.
pm„ 1111111 111111 111111 11 pugna plu-it,
1111. 181 111111 111111 mn mildam, 1111. 15,
1111111111111111,1111111111111111ι11111ΰ,
111111· 111111·

111 111111(1111,11Ιςς11)1 111 11111ςς111 111· ,

 

