011. 170, 1,· 259, 2,· 1111166161 161161 16916,
1611661, SM 528, 1. 1³1„- 6666611 16116 6-11
66116 161161 6111 16119616, AEd. I. 8,· 66166
1166111 16661166 16111611, 1116 666661611111
161111661 11196666161611 9616616166 1161616,
0116. 11. 11616911. , 6666 11161611616111111,
9661661 1111111661 6661 (9611.) 1691196616-
111, 661, 1111. 30. - 2) 111 11661, 1166111661,
SE. 1583, 1,· 11181. 566. 621.

sessi, 61, 6611111161, 66611116166111,16116-
111 , 61111666 (6666), SE. 1 560, 3,· 111 voe„
116161. 19, 1,· 011. 11, 1,· 6. 01111,1.61161,
1161161, 811. 1 268 ; 11619116 6. 66116111 16911,
19661111, SE. I 160, 3, 1161 6611616111 6161116
9616 16111611116119116 66666 916916161111161
1611111611 1111111 1196611169 6. 611616961161 (16-
916), 9116166161 169161, 01611. 2, 11661916
16611661 61161611, 19116616, 01. 13, 1,· 11161-
61 6. 66116111 969611, rex, 01. 120 (9611.
66666). Pl„ 1616611 16111116 666661 1191161116,
1111611, 6111161, SE. I 158.

8188111018, 11191, 66616616161, 6611111·
161-6616116666, mum: 1161.16161111111,11116-
661. 155.

8188111ὶῦ11, 111,,66161, 161616 1191166 11-
11161116 11916, 661116, 16661161116666,116111)1
1611, 11611111 6666161111 16161, 6111616 (111161)

1611111661 111911, scamnorum 6111111611611166111,

6166111111, a„ 9611116 11196, 11.
1616111111, 961111 1611111161 66966, 6619111 16-
11161 1611166161 (66661 1111111, 11111111, 6
11116,11111),811. I 96,· 6116111 866111111ιί6
11661166 861116166116,111696, 16111. 301. υ-
2) 116616, 96611 6161111 1161111111 1111166111
(61662), SE. 1581, 2,· 11 181 (6166111611
115611 6666 1111691116 11 621, 91666).

6166111111, 1.,11111,6611611111111.

SESSUNAU'IR, 61,, 6611161661, 61116111
(6666, 9111111811516. 11, 666611661611111,
1111. 5 1, 3.

8188111111, 1.,1616161611116, 1161111661
(911119, emm 91. 6666911111 1111116116 66111,

sm, 6., 66161 (11116), 6116 6611661. ·-
2) 6161, 166166, 6611661611,1(6161. 22, 5,·
611 661116 donus 6166616111, 61616 (61 1116
16616, SE. I 321), 66111111 66616 161616-
1111661 versus 961 11616, 161 961 111616 111611-
dianam, 1111. 1281, 1,166.161. 1661. 5. In
091. 131 6616616166, 11116111, 6611661661 611
6611111 16161 16611116 (= 61111, 61616)1 6661
91691 1 661 1111611116, 616911 1161111, 66 6611
(1161) 1 611116ςί.

sm, 1. , 161116, 6616116161111 (811. 11
211), 6 61116, 1116 1111166111 6611 61111
16116611, 6161161111 16661161, 119. 28, 1. - 2)
1611661111 6111, 811.1532,· 116111, 1111. 560, 1.

811111, 1., 6161 6111 9116916 91616611
(61116, 911611 9616 161611ά61), 811. 1 536.-
2116611116, 811. 1158, 1,· 116161. 5, 2,· 011.
193,1,· 81111111. 7, 31. 0696616611 16111116,
8111116161. I'II 211.

sm (·11,-116.·11), 1611111611, 1116111166 16·
6616 6116111, cum 1161. (6 611, 1.,161111116, 116-
6111166 111 16111116 661166611, 119. 15, 611, F.
1111319, 6 61116), 6116 6611961. 1611611111.
16916111 6116191111666, 61119116,1161111161116

698 .

1611111111, 1111 288,- 7113111 1111181. -
2) 6691611 6166116666 161 6111111616, on
161.161.· 6. 11611111 611 6-6 61911116 6116616-
6661 66661111 611661, 1661111611 661, 011. 71,
1.- 1) 11116616, 1161661161, 1111911611 1111
1611 66116 6611111 111, 61 gub 111 thim 16611
11116661 91611661 61116611, 1. 6. 1666166166-
1661611161 611, 09. 11 ,· 6. 11191111 611 111111,
11. 96. 1111161196, 61119111 16111 16611111
1161,611,1116611111611, IIII. 16 ,· tnui 1611
1161116116 1611111111 166611161661 916111, 1611-
6611161611 661111, 1661616116 1611111111. 1111,
1. - 6) 61116616, 196616161 111611,116(ε
1161, 161.) 61111 1166 6616 61166, 966 1966-
1661 1166116116 (1111111), F. II 250, 2, 61
“3¹¹⁸-

8119111111, 6., 6661166166, 661161616616
1661116 11666116, 661111111116111,169616616661
1666661661 (661, 16111661 6166116616611166-
961, 16111161 6166196116 , 616116 61660619
(6661166161 116111) 1691161 abruptus,- 6111
8111162. 8. 1166166166 vetit, 16111 na·-
16116, 661 16961 161116 1111161 1616111161 161.
11. 11611, 111961 1116. In 1616111111 91161161
11616 611116 111111 86111611 111616, 6 6111161111
91696 11111, 1. 6. 86111611 16169. ommni,
111116 116661 1161161111111 111169.86616111611,
111111 1116111111 16169. 71616611, 11116 111116-

161, 61116 6118111619 11616, 16916 96661 111- ,

961 611 6611166166, 116166 116111 6661166111

6116119116,111661111 1161666. 1119611616,6661, ’

16961, SE. 1381, 1,· 11116 16116111 1161111
1166116116, 9191111161, 66116111166161116196-
16111 61611161 91916161, 961661 616161, 61911·
161 9196111616 (61 1166166661), 69111. M
(116116 11611611), SE. I 116, 3, 1691166111
1161 miraculosam 8116616 016611, 11. u. 11
Pro 161161 61111616161, 1611116, 61111
111 , 6611116, 11111 111116 66116191 9116669111·
aaran», 61. 66, 6.

6111, n„ 1,.6, 61. 11166. 116 (161. ³

81). - 2) 1611661661 6) 11 61116 16166, 111
66161, 16 66619661. 616611, 1616611. - 1111161
ff 961191, 11196611, 6111661111 1610661191·

61 116 16661161.

611111, 161161, 161116 (661, 61116), 011.
39; 6. 111611161 16161 1611166, III. 61,161
161. 11161 16116 1696611661 m 6666611111
1. ¹e. 116611, 111,, 9661 6116 1116 1666. 16 666·
96111111 hamati, 1161111, 1111116611. munti
1611116 1619611111, 61111161, IIII. 36.

6111111611,6ι.11.,111116 mum. 91

m

6161111611, SE. I 560 661. 1661. 1, 16116116· =

11161 611 6161116161 11116111 61 169611111 ud!
9116661. 6616.

mm, 61, 11.

11 16111966116611111
661116 911611 116161 Ionam 61661116111, It
69166696, 09. 1.

8111111 (661, 66116, 6611), 9611616, coum
(transit. 6 61116); 61161116 61 ludi 91611

16116 1111611616, ad 161166 1199611616, 119120, ¹

3,· 6. 1161161 1161 116661 16 611661 dirim
F. III 187, 1,· 6. 6116111 61 Ilm} 66616 66
6666111611ά66616, 111. 278, 1 ,· 6. 11111
666661 11196616 detrudere, 1161661 61111 en·
61111616, 011. 186, 1,· 6. 6-161116111691111

9116116616 96616, 9161661661 66661116616,11. I

9,· 01. 20, 3,· 6. 6110116116 61166616 616·

 

