11115161 1111191111, 111111111111 codicilli,
911111 9111 9111111118111911111111, 81111. 8, 9.
8111611811, 111., 9111 instruit, 1111111, 1181111111
(11191101 e. oooviggo 9111 11111111 milite 111-
91111, 99111111111111111111111, 1111111, imperator,

11. 27, .

8111118 (-1,61,1), 91111111 1188111, (surr),
1191111111 9111881111 oon 11111111 thiren
ekjotoong 911111 grundio, 69. 16,· tto 11.
111 1111111 11 baptizari, 81. 21,· scirpo-eo
baptizoti 11111, 11111. 5,· 11111 111111, (tp. 11.
- 2) 11111111 1188911, perspicuum 1111191,
iilustrare.- 111111 mero mttotng· 11111811 11911
11911111, 6. 13161111. 26, 1, 1111111111 9111111-
111 etym 111111. 16 coe 8919. exhibet
ekinJJ 89111.81191. 9119. 267, ee 1111111111·
1119111 111111111111111111, 1111111161 911161
9111111111111111, 1118111111 1111 ,· 81. 33 161118.
1 631), sonori 1115 9111119181 111111, 111
er 9111· bero 1111, eom 1111 voro 1111118111
911111 rem 181191181119118111111111. Confer
111111.

sumn, 11,, 11111111, 88. 168, 1,· 11552.
11811111111.

1111111111, 1., eaeor 1111111. o. 1.,..
otono, 1111111111 11 1191111111 1119111111(11111,
11111), 119. 16, 1. 8111111511 baptizator,
91111111, 81111. 2, 20 (8911181191. 9. 8. 22).

81111111, 1., 11111111, 88. 1588, 2, 111.
ooo. 1119.,· 11 183. 567. 626.

solamon, 1., casoto· (111111 1111.
11111111111111111111111111, (tte. 11,· 1111111111
enti 19111111 eastitatis, 111. 25,· 1111111111
116111 1111111111111, 111111111111111111111, 68.
55. 11811111111111.

8111188118, adj„ adspectu 1111181811,111111
111111(11111, 11111)1 e. gob. 811111, 61111.
39,· in 1111111111 itio candido, 1111111 11111
predita 1111111, 81 6181111111 6111111, 111111.

1111111111, 1., 11111111111119111, 111111.

8111811161. 11811, 91111, coste, 1111111111·
(11111), 8111. 16. 1181 11111191.

etiamen, 1181, 11181111, etam: 1. 1111
11111111 1118111, 11111191 1111 meo 1111911
8111111 1118111 miraculum, 681. 52, 1111911111
harmonio 9111111111 etii-lim 111111 1111811,
1111181811, 61118. 11 1211111111.

seluo, 1., 1191111111, (altimo 1111111
11111111 11111 1191111111, 88. 1116, 2, 1191111
baptismi, 191111 tonsoratis.

8111118111, 11, 1111111111 81191, 88. 1
168. 126. 19618111.(11111). 118111111111111.

sitan, 119., pom (11 1911111. 1111111-
111 piceio: 11111 6111111 1111111111, 111. 5,· 1111
9188111116111111, 68. 9) ,· 11111111, 111191-
8111 8111111111, 1111111111 1111115111 11911181· 1111111
111111, 6111. 25,· 8111111111,1’1811111 8111111911
i, F. 11 68, 1,· 8119111111, 111111 1111199111
olorum 19111111111111.), 68β. 6 ,· 191118111,
nicom.- 81 die, 1111 111111 dag neronom 811111,
111111. 12,- deuteronimii 11111111 1119181111 111-
11111111,1119111111, 8111111111, 1. 1. 11111111,
6111. 11,· 1111111111118111911111111111111 11191-
111111111811111, 11933, 6,· 11111 ir toto
1111111111, stilum 111111 111 111 111111 11111111,
61111111, 181. 161 1111111 11111111 poro, 1111111,
68. 9,· 1111111111 1111111891111111 1111111 11111-
1111 1111111111, 111111 1111111111, nocti 11111111,

129 111

811111. 3, 26, 1. 6191111111 111111811111111
11111111, candido 19111111 8111111111, 8181118111,
61111. 11,· 11111111 8119 11118181 81191, 6111.
12,· 1111111 91111191118111 111118119111181-
811111811181111111111111111) 1191111, Christum,
69, 16,· 81 1111111 11111811 111191 1111111111
1111111111 ille proeliator, 81111. 1, 87 ,· 11111111
11191111 virio 911111, 1111.5,· 11111 811911111-
11911,111119111811., 811111. 7, 12, 6. etot,
11811, 111111, 1111111 11111, 1118111111111111111
11111 ’11111121.”“ἕ.ἴ.1111.’ἷ’1ῖ1.18
em ek 1111111111 1111111111 111911 81111111, 119.
9, 6 (F. 1123, 2),111 F. 11386,111111111
etgi 1111111111 1111 11111111 111911 1111111111-
1111. 111111191111111111,1111511111. 61111111
11 ek 11.

81111111, 1.,1119111 (qe. 1911181811), 88.
11178. (1111111981. 1 572, 1,· 11562.
621, 111111). 1181 11911. 9. 83.

81111111, Horti. 37, 1199111111· esee 18.
91. 1111111, 61111. 88. 811111. T. 1,· oleos.
8911. 81191. suo 1. 111119 611111. 111. eut 1.
1111111111,1111111111,,111’1111118111”. 1111111111-
me sociiis 1191111111, 111111 91191111· 111111, 11111
propter 11111191 otoo benni. 111111 1111111111
91111111111111111 11111 1111111111 111 111111
1-1111111, U) 1111111. 1811111111181111,
adj. 1111119111 1111111119111111111111111, 111-
911 111191111111111 qratia 1911 esee 11111 [omo
ob 11111111 attere, 1111111, 911111 virtututem,
111111 19111111181 derivari 9111111 11 positivo
1111111, 11191111 1111191111. fler. 81111· 11111111
accipi potest 111 11111111 1111811811119111111
(111111), 191111, 11111 1111111111 191111 temonis,
1111111111 1111111111,1911111 11191111, 111. hirom
18111 1191111111 1111111111, 9111 11. 1. protulit
11111111 111111. 111 1111111 i 11111111 1111111111-
81111111 9181,· 1111191111 1111 1111111111 1111111191-
eom, 18. 91111111, 111 (11111),111“11 911, 119111-
8111 1111. 1111111 611111 81911111 9111 otoo
digrbeino3 91118 1111111 111 benni 1111111111,
18 1111191111111111111 duplicatione 1111111 11,
111111111911111 11181111 1111111111 vetustioris
11111, 91118 1111111191 9111111 benni, 9111111 11119
9199119111. vero 1. pro 11111 1191111811 111·-

tror.

8111111111 (-ἰ, 811111, 1), evertere, 11·
movere (o. 1. 1111811518 = 1111119111,
89. 85,· hoto 11111 1·11,1111111. 18. 1111111. 1832,
9119. 216, oor. 1111. 1). Paeo. 11111111 avertere
11, 1. 1. 1111111111, oum 1111, 11111111 fiendo
8111111111 1111111111 , 11111111, 68. 68 [etiem
1111118119 1111111811 119111, 9. 382 (1 111111).

8111118111, 1., juramentum, 91118 911· 111·-
811111111 111 (111105 it. 11111111181 1111111111-
111111181111111111, 111. 13 (F. 111 266. 329,
219111 1111111111, 11111181111111111,111, Oreo.
11181811118111181881Ὑῖ 11181).Γ ψ’

solnm, m., 11111111, 119. 11,· 88. 11,
169. 1181111161.

811111, 1., 11111811111111,118. 819, 8811,
192; 8. 111 119,· isitii, tyrio 811111, in
81118111, 111181181111, 111. 9, 2 (F. 111. 11,
2),· F. 11113, 3.

emt), 1., 11911111 (11111. 811 1191111111,
11111111, 1911111111), 11181 1116911111 11911119-

 

