11 196. 8166111661 161 166661 1611116661,
116. 16, 2,·1111161661166661, 8. X! 111.

mm 6161 1116 16116.

116161,11111161661116,
16616)1 1111661161 16116 116 166666 11116.
611 um 6116 11 11661 611661, 811. 1 519, 6.
1616611111 111616666,1616. 131, 2.

888118, 11., 11161, 6661 6611, 861. 39,
1161 61 6161168661 1111 11111611 1186 1 6616
1161661661611 Ι 11116661 1616161111111.
111 proso 161111, 8. ιο2,·13 161111,1616
379,·16111,8.

88881. 16160611. 16161, 1611161616 161161
1.1111.11;.1.1.·1.1,·1·.1.6·.11
1666 insisto 616 61661, 8. 11. 116. 66111661.
1111111111;1’66161668.11131
166116, 16., 661161161661713 ,,116 01 066. 186611
111 11111. 161611 16161 111 166116,1
1111161166616,611111111661111661,66 6111111
serpente, 861.13,·11.61111111111118111661166,
11111 166611, 011. 25,· 6116116,11166616111,
prorumpere, 16611 mesto 11111 1111111116 111·
111166 611611 11111111 purulentum) 111-6116116111,
88 1 291. Qus· 6111161611 61111 1116666116
16111, 16 166616 111116. 611111 1616161. 1.
161616, 166616. 111111 16 respondentibus 6111
(1.1.6611),166616.

161, 1111111611. 11116

1108818 id.p qs. 611611, 611. 6. 861616
61111, 111168, 61116161, 01111. 20, 1. 861616
111,1’6., 1111 11. 111161, 611, 6. 81116. 6,

mensumn. 11., domicilium 6611161,
(16115 1611, 88. 1 118, 1111661), 611, 88
1 136. Eodem 161616, 1611101111. 86111),
111 6661 161111161, 66116111 6616611, 0161. 11
337,11. 1161611.

8008008,16.,1611611161,16.1111616661,
(16166). ri 161666 61 1-6 1611611111 eo re
611666161116, 866661.132,·611616111111166-
6111116161161666166616611161111611861 21.

80110,1.,1116611·1111, 1111111111,(6.6116 611111
16616, 111 16161611 11 6161111111 116161, 61611111
nomen e 11116 1116611, 8. 1 51, 6111616161
dieitur 88. 1. 1,· pius. 1161611, 16661611 1661
3131· 181..·3..·1·.ἓ’.···.136·ὲ··6··813
8611161,11116,88.1 316, 2. 172. 536,
1) 1115116118,111111.11,·611.1111,
811, 1, 116 16166, liquidi. 37, 8611. 55, 01611
1; pen. 161661, 616 66666611 16161, 08. 71,

1(61611111166161,1166. Tem. 6 111 111111111-
1111 1166 1111611111 111111161111611111 6111111616-
1111,1111,1111,166111161. 0001. 11111
93, 111 1111166111 quotidiano 1666 61161, supro

)861661 6611, pineis 111111,1

moso· 161661 6116, 6111, iopi s, Vm,
8111. 111 227. 86161 161661, 6111161 111116,
111, 88. 1216 1,· 61611116 8111161616, 16116
1166116166, more, ek. 161661 6116, eoois,
118. 1,16,1. 6116116666111 116 1611111111
procella, 611, 16161111, 616 161661 1611611,
61111,Ρ166.26,· 1116 1616, 11116 6111111166,
11611611, 616611 1116161611 omns, 1116661 1. 1.
616666 611 116116111, 011. 71, 1.* *2) 111161
(616),111 61111111.11611116.·1.16166,61666-
11111616111, 16111116, 86. 13, 2,· 1. 11666111
6611,16., 11. 11252 2 3)6166116, 88.

133 161.

15731 1)1116111(11.1116111861611161·6,
1166011116116111111111, ise 86161111 eise 11611611
861616.16’161118611166166116,1116013161.
31), 88. 11 193.·- 5) 111 6661611811 mou,
61661616, 1111616.

16666616, 6111116161, ems· ,s-
11111661, (1611, 1661 = 1611), 81.55,5,
commotionem 6161 6116 6611666661.

8011088611, 11., 1611116 11116, (1616,
6611), 6111111111 1611116166616,1111161 16161666,
deses, 11. 0111161111, 88. 11232, 3.

8011081111, 11., 1111161661 im, serpens,
(1616, 6111), 111116116116, 111-1616116111, 66·
16661, 11111 16161116 181611616181.

FOLDVEGB, 16., 6611666, 11116, (16161611),
86111 3, o: 6111111116 11111, 6116161111,
pro ipso 11116.

1616111116...6161111111611,
111111, (1616, 1611611), 61 61161611 possessio·
1111 1116661611111611611, 81. 57, 2.

1101108100, 11., possessus· 11116, (1611,
1111); 811116 16161111 116611, a 811116 1616,
11116 111616,611111.· 1161661 8. 1611111116,
Μῗ66666881, 861. ,143211ιῖ11111 (1611,
16161), 111, 881156, 2, F. 81318

11011088,1.,1611.16161,6161 1161111 aiio
166661661116,6116111 01. 26, 2, 1116 1666 8.
1 123, 2116 16161616166611616616161,1666
11116 nosses 111. decipio 116661 1611116111
11666 6116116116 111) pro 11116,11616616,
8ἰὶ310626ἰῖ18· m. iffi
06616 11166 61111111 Hp. 9), 6111 16111- ι.
1616161111, 1161111111 86161116, 61 Halm
61166116. 0611111661 611161161166161111111
61-1161616 Pes· 6111-6116111116, 611611
661666,· 11 1661611661. 811. T. 81 161616
611111 septenes, 6661111161 6661161 1111661666
111616611011611111 1, Zeus sepim
8111. 11161616, 161. 616. 1101166166),
11111161, 11 1611611611 ,616 6111161611611611·

161611666.11111).”,6661616 111611 11116,
ie. 66 moimmsen: 0611611166 (0611611111),
11 61111161116611166 111116166,81116166 61-
&bama 611 1611, 1661611111, (1116616111
1111011611 6116611166616, 66111611 6111·-
16111, 11111111, 88. 1371, 1,·61116111116

61·Ι1)6.

ἑ· 118188,1111.11611.1661. 6. 1116111161
6 1· 166.

1181111,11.,116116 11111161,(1611·66 6111116611
161, 11.),88. 1532. 01161111 11 11111616,
86. 23, 11 11116.11ι16 1816111166 1161161111·
611 61111661,161161611,6161 insidiis Kierio-
161161 1111161161616116161661611 6166861611
6611161661 161661 111 1111111666 1116166661

801111,11., 66111 1111111161 (611161111η6)
11111.1611,16111116,16116. 811616181111-
111116 611 6111111 11111111,861. 22,· 111166 1161
116111 per 611111 66611, 11116611. 1531 nii
1111 11661 1 16111 6166 111 66161116 1166166-
161,16. 21 ,· 11616 6161661 11616, 611 1611
1666 procedamus 11 111 asim 1116116111,81·.
153, 1,· 1616611611 111 6111661661, 866661.
161,· 166161 1611,1111 11223, 2,· 611161
1611, 881331, 31111111116111, 8616.

 

