m

0616 (6 9166611166 66166), 616611 66666
trimi* 6610116616, 6161166, F. 111137, 2,·
6116 6611611611. 96666 666 1666 cumam,
11116166, 861 260, 6. 1. 12. 96666, 116661.
21, 3, quod construunt 6666 61616 61161116
6661616661, 1666661666 661 vetut 666661. 0,
6.· 1166 16666 11111 6666666616, 6116 vesun
666 1666. 6) 16 appell. 66616666 1166666.
666666 61616666, 66616, ska 116666 616666
§m ssf'i‘jhi'ff‘ss‘ussssffissff'ssssssff'

· 6 6 ·

61616 116166 vogn· 666166 6661666, 1616666161·
6166616, 116. 31, 5.- d) 16 666611. 166666 566116
ugus 66666 66666666, 16666, 111666 vagno
:rabis 166166 terra, 61666166, 8611156, 1.
- 2) 6666 666166 61 661666, 61166 6616616,
661. 6166616666, 0666. ἅμαξαι 1661, 111
vagu· 661666, 86.1116,· 16.,· vagu· gnmr
666 61166666, 1666, 01. 5,· nm 1111 6616
66666, 661666, 1666666666161166 6666666166
coli, 1686161166 866616, 116. 13,· 6116 6666-
16661 61 66666616, - 3) 161 11666 6666,
86. 1581,6.1.1(061.11’666ι.1;611666μι
d vogn.

9101161, 1616116666 66666 (uem) 66666
(6116) vm 6661666 6616616166 1616116666 66
666116666666166661611, 1161611. 21 (666. 0.
1166666666, 66. 6. 156, 661. 86. 16.),· 66666
116 terra 16161161, 61666, 61616 61666 1166
69166166 666616, 66616, 61666111· vum 1116
61166 616, 1666, 01. 28,· 61666 66666116
61666666 616 16161161, 66666, 6166661666-
61166616616 666616, 666666, ejus 6666616616
uberans, 66 6. me 66. 111 ⁵07-s; 666.
111290. 358,· 66661. mm 861616. 816. 1,
99-112. 0661. vagu 3 61 vogn.

nannum, 1., 66661661666161, 661666
(mn 2, bruno: 6611166661666166 6666666
66196616, 661666,86.1318, 1 (61161661161161.
9666661661, a, 666, 66. 1566, 6,·
11 171. 551. 616. 866661, ί,61966 766661·
166”, 866666, 111. 81661. 6. 9. 10,· 66.
1161161. 6. 568. 6611).

mmm, 6., 1661666 61666161, 6661666
(6666 ἐ,686616)ε 6ίεί vagarum 666 6611,
666, . .

mensuum& 66., 6666666166 6666616
(πμ 1, 61666106 61116 6666166606· 66-
66666166 66616, 616, 6 61166 vogn 666666 61-
666666, 66616, 1611. 1.

mmmmm, 1., ‚mua curra·
(61166616 vum, 661 6666611666 gnta), 616
5661166,9 m 11 199. 01616166, vagu· 61166616,

91011, 66., 66666666 666616, 61666, 01. 58,·
1661666,116661. 1. 12,· 66666, 86. 1501. 571,
1,· 11 179. 6226111666. 157,· Alma. 27,· Gk.
1, 6,· 616 1 61616 66666 piscatum 6666666666,
111661. 17,· 61666611 6666666 666616, 666166,
1616166166 6616 166166 66611, 66666, [6666
(166166 116611), 866661. 8,· vindi-m 6161·
nare tranquillum, 16 666166, quo 1111666666-
aa, 1. m 66 1258, 1. - 6) cn 66.
auri: 6166 1166616616 666616, 666666, iu·
ng· 166166 166166, 8611230, 1,·6166
1166666166 6616666 6661, 616, 16 9166616 (166666),
861501, 2 (11153,1),· vus 1666161611

811 'Aa

66161 166666, 01. 97, 2. - 6) 16 666611. 66-
616, 6116 1161116111 , vinnm, 61666666.-
2) 16616, 11666. 25.

9101101, 1., 66116 (66666) 6661666616
(66666166 6111661661166 66666666 66616,
6166666616.16666).

9108111111, 1., nomen 1661, in 8161616
umalama interioris, 611 666 166166 61
81161166, 166166 ejus, 66611666 cum 6616616
8161616661166 6661166116 6661666 666666611166
emiserunt 66661211, 6 1616 (6116 F· 111
211-8,· 611666 6666111168166111 661666, 6666
1239, F. IX 159).

9101161826, 661666 1666616666, 66116166
(61613166 aa), 1616161166 66616 (11566),
86. 11316ς 2 (1321, 6. 1. 15).

9100618111, 6616666666666666, 61 16166
(ngr, 1161616); 1116116 11166166· νίς 61616
1166 66616 1661161666 mari 61111616, 861

1666661166666), 61666, on.
220, 1,·1116666. 23,- 61161166616166161666616
66166 61606611 (6 66. 6616), 066111. -· 166-
666, 6611616116, 6611.1; Gry. 1 ,· 861 388, 2.

91111, 1., 1666666666, qua 6661161(νεὶ16),
661 6666166666 16611, 666611, 66616661
(6616116116 66166166, 11166616.

9111111 (666, 61), 6666666161, 6661611666,
1166616 1,· 116666. 19, 3,· 66616616, v. 1611116
61 6661166666 1666666 66 66616666, Pleno. 1.

vm, 66, 666666 011616 (66. 61611666,
6666166), 0666. 53,· 86.186,· 11 173. 556.-
2) 66666(66.16161166 16661666, 61 611. 6616),
16 666611. 66616, 6161 6616661616 61 616611. 3.·
661116 v. 66616, 616666 r. 66161, 06166. 82,
3 (ΑΒ. 11 220),· 6666666 v. equus 16611, id„
mjok 616 mum-r 666, 66. 66. 1166
(666. 6666616. 132). - 3)6616, 86. 11189,·
1.ᾎὶἬίξέῗὲἶὲΨῶ 1611111111
661 (6. 1666661 6611111166, 666. 7, 17, uhm·
66166 616666666666 166166”).

911111, 66, 66616 61616666116116, 1666666616,
86. 1 532. 11 161, qs. vokr, 666116661666-
666, inm (11610, 6661665 166666 1611517).

mn, 6166, mm, 616.... (66.),
1161666610, 1,· 16 16116 811, 66166 mir
66661166, 116. 6. 116 66666666 166611,
6666166616.

911116 (616, ·61), 666666, 66116666, 11.
qu. 6116 666166 v: 66116 6611666 6666 66-
6666, 166666, 66661 66661166 6666666 1666,
8111116. 7, 52 ,· 6611666 61666 661111· 6666166661
66 66116166 (ramim, 16166166) nostra 66166166
11111136... 1..ἔὲι’1.1.“ζὶ“.1.’1.ἶὲἕί
11111161ῗῖ1 “gib 666 ’611816κ66μ “k‘'

m, 61611666, 11. ’66. 661, 66. 56, 1,·
0. 52, quo utroque 1666 66111666 nl 1666
661666,· 6116 6661666. 6616166. 16 66666 baud
666666, 6. 6. F. lm,- 11187.

VAL, 6., 16166166, 6166116 (661161 66666
661 16166166166616666, 166111661666,1666616666
666661661166166666, 166 1661161666 boninum,
Hyndl. 10. 15,· 611166 661 mudum-nn· 666-
1166 16166166 (666166 66616) 666616611666666666
61666666, 0.10,· 1161116616 661 16166166 1161·

 

