161

672

110818,1.,11111111111116111111(ε 111111), 2, 1611111101, 11, 111 6111111111, swale 30

11111. 10. ,

1108181011, adj„ 911 speeiem 11111111 1111
,1111611 (111111), 1111111. compar„ rlekligrn 11,
111 11111’1’,.’”1ἵ8.”’1””11“1’18881
Μῃμη ’⁹

11081111, adj„ 1111111111 (1. 11111111111111
prudentia. 011911 69), 1116161111 11111
molera oelale, 01β. 12 (11111111111111). -
2) aeer, 111111, 1191111, 11111111111111111,
Am. 51. 56. 88,111191,1111.88, 1, 11111
1111,111.217, 1, 1611111 logne, 011. 289,
1, 1. 11111111, 011. 21, de Divo 1. 01111, 0.
18,1.111111 1111111111, de 01111111, Le. 27.

11081181, 1.,11111 1111111,11111 111111-
111, 88. 1 112 111 (1111111111 1111111. 38),
9111. 11111111, 11111111 11111111 leem lleeloe,
11111,88. 1 252, 1161111 616611 1111111111,
88. 1 251, 3. x 111 appell. 1. , 111111 161111
11111111,81111. 1.

11088118 (-1111,-11), adolescere 1161111,
rosham, 8111111. 1111111, 811. 111 188).

1111011611. 111111, 1111111111,
= 111111111(11111111) 1111111111, 11111111 11111111-
qua, ,1111111111 roem, 11,, quisquiliae, 11111-
neela. 011111611. 11111111 11116111,11., aepre-
1111. 011111911911 meslend, Anyl„ 1111111,
111111 16111111, sellus, 1111111 paludosum, 1111-

notum.
911108111οΑ, 111, 11111111, pro reuellige,
1116111111 11111111, Coe. 8111. eol. 159, 39
(119. 31, 1),1111611.112, 29, pree, 611611
1111111, 11. 1111111ε111111111.

11081, 1.,1111111111(811111.1111111, 1 11111111-
1118111111, 11111. 111111, 1111111111911911·
8 rustum 1111111111 11611, 11111111. 8, 91111-
um 11611, 11111. 16, hundret 11111, 811111.
18, 88. l 198, 2 (1 100190), 11111111 12
111111 111 eine um sklg 1118111111, 011. 92,
1, 111111 611161,6111111,119. 29, 2, 1191111.
5. - 2) terra: 11661 1. 111111 pirata, 11111,
1161111111 11611 111111 neves, 01. 13, 3 (88.
1122, 3), 01111 1. terra plraloe, 1111111, 1111111
01111 tester 1911111 maris, 111111, 88.1 112,
1,1111111. 1111111111111, mare, 811. 1 297,
2, 1111111111 1. terra serpentis, 111111,
11111 1111111111 1111111101 auri, 11111111,
88. 1108, 3. - 3) mare, 88. 1571, 1,
11611111 111111 volvem, 811. 5, 3 (8. 811
310, 3), pl. 11111111111111, 11111, 8. 811
19, 1, 9111111 011. 8111. 216, 11, 1 11116,
1111111111 111111 1111111,111111,111111 11111-
11111 1111111111, 88. l 206, 3, 111111, 111111,
11111161 11111 111111, 88. 1112, 2, 616, 1,
112, 2,· 86. 10, 1 (1.11111111611), ethelin 1.
enda 11111111,11111111, 1111111 1111111111 reste
111.1’·.’1111.- ⁴> ,1

. , ,· . . . - 1
compositis: 1111111111, 61111111, 1111111,1111-
1111,111111111, 11111111, 1111111, 1111111111,
11111111, 1111611, 11111611.

110811, 1.,11111111111, 161111161 1111111111
1116111111, 01111. 19, 6, gelre 1. tumulltu
1111111111, qna, 111. 11, 1, 11611111 11111111-
11111, 8. 119, 2. - 2) 111111111116111
1111111111», 89.18,2,1. 1116, 88. l
372, 1, 16111 mange 111111 bellicus, 111. 93,

16, 6, 11. 1119111111 16111 el 111111111
tumultus el 1111111111 amorum, 8. 8111 355,
161111 prolia, contentiones, 81. 11111. c. 1111. ·-
&sulm 88. 11 275. - 1) nem canit»

1108108011, 111, 1111111111, SR! 580, 2.
8111 8116111011118111111. 1, 157, Gen. 111

16111111, 11, qm· 11111, efflatus
(11111), 111111 1. 1111111 1111111111, ipis, l·
11,1 ,(111 1266,161111111111111161),11
11111111.

1101, 1., 111111 1161111, pl. 1111, 0111. 31,
11111111. 111,1.11,1 1161111111 111111 119111
(111 11119111 11616111), 1111111. 151, mel 16111
radicem, 061. 11, &viler 1111111 ln clleo
1111111611, 1. 1. 11111111, 1116 111, 8111. 36 , ulit
11011 1611111 1116 11611111 1111111611, 1. 1. 116
terra, tumulo 1111111111, 811. 1 135, 2, 520,
1, 1161 161111 1 1111116111 erescere, 11111
radices 19111, de 1111, 0. 56, 111 16111111
1111111111. 811111. 1, 2611111191 16111111 1111,
11111 611 (1111 cyrne 111111111111 conae, 1
1.111111111111111111111111111111 polee-ll, 81
11, 2. - 2) 11111111. 161 11111 11111111 111111,
1111. 36, 161 161 11111 1661111111111 loe
a 61111 metue proficientem , 1111119111. 17,
1. - 3) 1111111161,11. conpos. 111161.

1101, 1., procella (11. 91. 11161, 11,),
8111111 1611111101 0111111, peyna, 8111111
1611 11111 bellipotens, 6111111111, 81. 1, 2.

11011, 1., 111 1111 11111111. neuton, 11.
qu. 111111 (1111 116 (11116111), forle el

11111111 11611· velweto (1111111111,88.1308, ¹

1).

1611, 1., leem, 11. 1111, 111. ger· ¹
1611. w 2) 11116111, turbulenta lenpeelee, 88 l

11 186. 569 , 1 120. 111111 1611111111, ,111
1119. ad 1111111111 1226 , 11. 811111. l, 11 el
eundem 1111111111. “

11011 (-161,-11), ruere, 1111111, 1. ιη
111 lere-am ejicere, 11818, 1. 81111611 11-
111, 11 1161111111, mantiles, 0119. 11
232, 1. 1111111 1116, 1111111, 811. 111 95,1.
1111616111ιί mel 11111111. 88. 11 378, nde
111611. 161111, 1., ele 1111111111, 111 par-lou
8111111111,1611(111111) mel 1111111111, 818
ἷ15, hege rotelli 11 bernam 11911. 1111111,
111. 17 .

mmmm, 1., elaea e radlee 1111111,
elaea 1111111 (161, hylle), 811. 111 131, 1,
1611111161, 11,, 811. 11 291,111. leel. 13.

1101118811 (-11,-11,-1),1111111111 (111, 1.,
11111), 88. 11202, 1. ,
Ν51111161. 1., quemme 111111, en 1111

11 (111).

1111111, 1111111111, ,11111 mblli, Ἴ

99. 67, 5. 01911, Aulum 1111111 9111111,

8801208088, 111, 1111111111111, 11111 n·
1111 (161, 1., 11111),1111111. 85.

11011, 11,, insule 111111111111 111 Nm..
11. qu. 111111, 88. 11 191, 3, 161 sig, 1611
91119191 {lg 11111), mlle, Iljlll⁸3 dal. noui,
’1111111111 1.,11111. 1111, qm· 111111,
16111111, penicles (mle), 111 conpos. 911111ιῦ1.

 

