141

8484441, 11, 41111111 1111111111, 1111111111, 111
inpedimentum: 4. 44111 4 1111, 1111, 111111111-
1111 impeditus 111, 88. 1314, 3. - 2) 111411-
11911111, 1111111111 11411141, peplum, 811. 14 494,
11111 suprascripto 11. (i. e. 1111411141). -
3) 11111111, 11111111 141111 44111111111111111111,
11111111,1’. 11 482.

4414114141, 1., 11. qu. 1141111, 111111
1111111111, fallacia, 11114111 (441111, -41444,
Am. 70, 11114. 7.

84844,)“.,1111114,11111111111.· - 11) 110111, 88.
I 558, 2,· 111. 22,·p1m·.‚ 4411111111 11111111 111-
minibus 1111411111, GP. 6. -« 11) 4111141111,
441’1·’111.ξ,1“.”“44’ 44141444ῂῖ4ῗῖῗῖ4

1 · w
111 1111111111,1111’1, 1111. 54,· plur„ seme
44411111111111114, Le. 275 114114 4414141 muli·
1111,11111. 1, 49. - 2) 11111111111111 1111144
14111 provincia 81111111, neme 114111 8411144
1111111, 1111111111. 81111111, F. 411144.-
3) 111 1111, 811. 1 532-44111111111411144141.

svam (1111111), 11111111, 1111111114,
1. 14111 ok 11114, 41111111 1111111 11 4111194111-
1111111114111, 11 cedro, 14111. 79. - 2) 88.
1 656, 24111 441414 cod. 1114. 111011 4414111
1.· ek 441 441411 seinis glab, 1111111111 11111
11114111 111111 (1111111111).

848141, 111, sudor: 4. 4114411114 sudor
9111111, 1111141111, 144111 4414 4111114 411114 149-
41414441141124111 111141141142
4111111111), Ν). 436,· 11111144. 1111191111, 4141.
12, 2. - 2)111191111, 111111, 414411. 21,· 01111.
40,- 141414 4111144111, 811. 2, 464 Fue-325 (11111.
4,· 111111. 3. 6,· 1111111. 17, 4,· 8. 1 179, 2,·
01111. 45, 2,· My. 34, 3,· 14. 22,· 1111111111 11111
4111 141414 1111111114 pedesque 1111111 perfusi,
88. 1 372, 2,· 141411 dege 111 sanquinem,
11114411, Ν). 134,· 441114 11111411 111111 11111·
41111114, 88. 1 6044, 1,· 441114 11141· 1111111 1111-
911111, 1111111, 011. 248, 2,· 111. 48, 4,· 441111
4411111 14411111 1111941111, ia„ 1111111. 44, 4,·
88. 4 488, 1,· 441411 nege· 11114 1111141111ιί1,
id.. 88. 4 310, 4,· 14111 141414 gron (1) 4111·
11414111 4111141111 1144 cinereo lupo 1111111111
4111111 1111111, 881490, 8. Prae, 1111111111
serpentis, 811.1459,· Nm. 841411, 1111111111-
11111 1111111111 ζ1111111. 8111141141 111111, 11
444141118111414441,8111141141·8111441441.-3)4111
eampum 1114144184141441114.

evum, 1411114114111111 (441414), 1111
memmiae.

848441, 4.,11111141441114144) ,88 11490.

8481144,11.111. 14114, 1111411111 44144·
11144 441411 11111111 1111111, pruna. 1111. 11
29, 1,1111111 prosa precessit: 411111 1114111·
4111111141 4111111411 1 1111.

8481411, 111, 1141141111111111111, 881546,
4 ,· 11468. 6141115521111111111 1111111118... 1141
1111. 1124,1. 1. 8411114 11114111 11111111 req.
1111111111, 1111111, 4111110, 3,· 4418441441
1111141111 piram, 1111111, 4411114 411114 vigs,
1111111, M. 40, 4, 11111 4144111415 1111111 F. 1
464, 2, 111111 4114411441.

8481844141, 111, boe: 11141141 1141411444,
1141111151111, 1111111 (1111114111), 1. 29, 2.

8481184141, 111, 111. 11141144, 41144441,
1111111111, 11. 28111. 4).

. 708 m

44111111, 44. 1111, 4, «ej. 11 μω, ce

. 11111 11411144 11 mk 1144, forte.- per 1111

1111111114, 11411. 441144, 1111, plaia.
8441111, 4., vapor, 1111 1141144111.
8441414111, 1111111111 441144 [-i, 11, 1).

8488811144111,44114,111ς11), 11111111, ’

1191111111, absorbere: svelgr 111111 allen 841-
11111 lupus 1114111111 1114111 8., 181. 59 (SE.
1 1941111 svelgjandi 1111111 1111111111, m
60,- 11141ςὶ 414441 441111 111, 88. 1 478, 2
(111114. 11111. pl. sulgu: peirenlgu 114111444-
41111. 111111. 1111111111. 4141111. 1. 47,· inps·
1111), 3. 1. 44114, 114. 40541 ylgr 411411ςί1
4111, 88. 1 684, 4. - b) 11141111, lenem,
comm, 111911, 1. 11. 11, 1111141.-
1) 1111114114, 11111141111111111111111111111414·
14111 11444 migr, 111 111· 14ςί lio 1114111,
1111111 11111111 1111111111, 11111 1111111111, 88
11 494, 3,· 81444141 44111 411ς4114 111111, 814.
(palatium 111114) 11111114111111111141, Α, 9. -·
14411141111,1114., 11141111, 88. 1 280, 2.

4441414(-1,11,1), devorare.- pm, 1111
44115111, 11114111 1111111111 111 (a senia),
Ay (1119111111).

84841611,11., qui 11111111 (111114141111
compote 111141141Ις1,111111111ς1, 4411141111,
1441441141, 1411141111. - 2) 111111, SE. 1 571,
4,· 11479. 562. 022,· 111111 441111 11111111
maris, 14111. 49,· pros„ 111111 merim, 88 1
m,- (1111. 195. - 3) ,111111 sa 1111,
2,· 11 477. 500. 620.

svm, 1., 41111114 ·- 11) 111 appell. 11-
411111· s. 11411141, 1144, 1111411, 91111411 11-
11111,1111111111’, 11111111,111·411111111, 88. 1 402,·
11 patera 1141111111, 44111 11411111 1111414
W, 144. (811111 111411.); 11411111 141111
114111, 111, SE. 1111,1,· 4. 1111144441· 91111411
1111111114111911111111, 11111042. - 1411
appell. 4111111 4. 4114 111411 91111111 141911-
1111, 4111111114, 811111. 5, 5, 1,· s. dreyn, 11,
1111 14111144, 4191191. 27, 3,· 11141444. 9111111
411111, 9111111111, 11144111. 8,· plur„ 4111411111,
9111111, 448. 4, 2,· 4411111111111191111114, 11,
11111 1411114111, 414. 9,· 41111141 4., id„ 44111·
41111 41111144 441114, 1111111111, 81. 17, 2. -·
2) 1111111111.,11111111111 11111111 1111111, evellit,
441 4144111111 1111, 41111111, 9114111111 dotem
concreta, 81111111. 4,2, cfr. 111, 41111111, 14141
1 4141114, 414114 411441- 34 41111111114111
1111144141, 4111114111, 11ς11111,111111111, tm·
41111, 44411141111111141111.

84811411 (44111, 44411, 111141), 1114111,
1111111114 4411441111 1111111111111111, FB.
14 73, 2,· 111111 4441111111 1111111111, 1141111,
F. 11 259, 2,· de 4111111111 cyrola: 41114 m
eveigs 41 441111, Ay. (8111111 14111111), 11
qua 111111 1141141411. Pers. part. 41111114, 111
1114111111, 1. 1. 11119111, turgidus, 11111111, 11-
1111111,1“11411111,· 11 1111111 411141 1414111411
1114111111111, 88. 4 500, 3,· 41114411 111, Kra-
2. 3,· 4111411111Ιί 111111 11141111, effervescens,
1111. 35, 2,·' 11111111.Ι 41144111 1111114 puin
111 1111411 1111191111 1111111111, 419. 20, 3,· 411141
11111111 11111111 aquis 11114111, 1111411, 111.
18,111141111411111111; 41114111111 11111 me-
4111111, M! 498, 2,·114111111111411411111 cede
4111111444811444411.14.14ἰ 118

 

