inn), 110011. 56, 3,· 1. 0101100100 1100011011
110101ιο , intrepidus 0001910100, 118. 6, 2,· 01.
11001100.

01111111, 0., 1101· (01, 0001.000101.,101·),
SE. 1306, 1 (011 cod. 1109. 11111000 00010 00
100); 11011111. 1 (SE. 1 196,1). 13,111110
auditione bellica 001. - 2) ree, 0001111110,
SE. 1 311, 3, 000. Coei. 1100, 011 quoque
1101111110·
ν111101ὶῒ11111111, 010, 010110 0000111 (01, 110001),
n 5 ·

0111111, 0., 0110110 (01101. 011000), Lu.
36,- 1110 0111· 0010100110 0000011110, 0101010100-
110 rei divine: 9010 0·111 1110 offe 11. qu.
00110 0·10 11110 1111000 0111010111 011001 000·
01000,00101101·0,Α9. (Binan 01100011). Pron.
1. 11 277; 1111161001. 1‚· F. 11 157.

orm (·010,-01), 0110000, consecrare,
000111 010111ιο 1001111000 (0801 eum 000.·
011011 08001 11100001· 1011011, me 61ςο000.,
011100 offerre 00,1.11. 311(0101., 11101. ecel.
101. 1 186, 01 0111011, 1., 0110110, 1111. 187.
188,- F. 1x 277 0100 :2 011009 F. 11192,
eun 010, 11. Fen).

omum, 11. 911. 10111, part. 0000. 0.
10110, SE. 1136, 1.

Γ0011800011, 1.,1110110 0111101001 1111110 080111,

00010119. 11, 0 (01111, 1,· 1110,
1), 911111ιο 10010 000 00010 01110111ιο, 10011110
accipitur 000 0110011. adjectivi 11091.

00001100, menomenae (01.010011. , 9010);
000 100 01 0111110 0190111, SE. 1101, 1, 000.
cod. 1109, 11. 911. fer 000 ok Gyllie 01
90111, 9110110101 Co . 110001.

01100011, 011.,111011010000 (01, 9610),
,100011001010191 11110 1 01911 11101100
1101001 l 00011110 0009110 101Ιὶ l 0111
9011 vern 11001, ι’. 0. 0111 0011110100
0009110 10010 0110 0101 0191 11110 10111
0010 0190100) 1011001 0010 1111101 0000001·
100 00100010 nen 10011011000, nen 101111 00-
{eren 1001001110, 01 ean 0000011100 darene-
101110.

0111111180, n., 11000 , 11. qu. 91001 (01,
010011), 00111.

01111111, 0.,110119111111101 01010, Alen- 23
(propr. 10000, 01 01000,111 00100).

0111811. 0011. 0011. 0000. 0. 0010.

omen, 110, 010 111111111οι 1101000, prope·
1000,01110001011” 0011001001 (11. qu. 0101010,
00111. 3611)· 001001 0011 01 1 0110001 01101-
111 1 ’.11111111111.1111111.ξῖ
11110100 101101, 111100. 1. qu. ofin! (01,
1001). Pron, 1011. 3.· 10011 1011 000110 01·
1011001101 11011100. Fundus 100111101ιί0 001
011001 nimiunn prepotens dynasta, F. 1152. 53.

01111101, nn, 010 (1111111001) 0110001100, 0100-
001000 , 000000000 (01, hiem 0001 001101
191· 01110100, deponente 01 01100010 01010010,
F. 111 111,· 011191 jem oppressor 1091110,
η3011111111311010111101111110, 00009000 (01,
deti), SE. 1532. Etiam 10 1011111111, 119091.
w, 111110 adj. 01111101, 10 10101110 0000010 01
10010000, 81011. 3, 13.

113

Π 0011011811, 11. 9101111011 1000111110 (1110),

{ummah 010, 1111 (01, 010010, lengi),
81. 2, 1, 01. 010 101191, 10911. 7.

ovum, n.. 100 1110011110, 00100100 10
011110(0111’111), fib. 2 ,2.

0110101, 0111010110 11190. 00.
0101 verbum 111900 111811. 181 191000190110
0110111100 incrementa 00011.

08111011, adj„ 1011101110, 0110 118091.

0111011111, 11. 911. 01-1100, 000. 0. 0101·
000οΙ 112.990,11000 0010010011. 1010101101,

0811301111, adj„ 00110 1010111110 (01, 1111110
0111111 11110011 010100 000111 10101100 (0000011-
111), 111011. 23. ‘

0811081111, adj„ 1111011100 10000000 (01,
110109 000. 0. enne: 01101100 10010 0111
0100 01010οε1 00011010 0110011010 011010 11010011-
tan, 1100. .

1110011001, 1., emina 91910, 00. 1
552, 3,· 00911· 100910010100100 9190101110ιο,
1111,οΜ 256, 1.

1111110011, 01).,10100100, 100110, 001000,
10111110 (011), etiam 11191, 0110 11118191,
9000111915 0011100 syncopen τοῦ 0 ante 101·
minutiones a vocali 10010100101, 00001011 10-
nen 1119001000 11109100, 900. 0.1., 110. 255,
1,· 00111000. eng-ri (1111111. 2, 19,· sm 382,
2), 0110001. 11190010 (F. 1113,1). 110111.
Asterum: 18910 11010, 100. 15 ,· 1101101οὶ11
0119011 110, 11111. 1,· 01011111 1011 011090, 0101
11110 01010, 100. 38, 0101011111. 511,· (11110110
11090 1011011, 11. 61,· 00010010 christiane.-
1011001011· 1101001110101,10 cardinali Ro·
000110, Ha. 255, 1,· 9190111011, 88. 1382, 2.
1,· 0011001001, 1101111. 2, 19,· 109100 119001
011111, F. 11 128,· 1011ιί110101 111091 11001, 01-
911 0111, 0. 11111, 011. 110· neque,
0010111100 11900 0190, 019001 1101, 611. 225,·
1111. 293, 5111900011 11010000100101111001·
11111οι, acerbissimum, 8. 11 13, 1,· F. 1131,
001, 1001. 6, 0111119. 17, 3 1190019 1111091
000119101111011001110, 00111111,10100, SE. 1
680, 1. 1000000111101 11111111901011011091,
9000111190, 1011111091, 0111111091, 11001090,

0111111090.

p 0111131118, 11. qn. 01011110, 0001. 0001. 0.
mete, 81. 1, 26.

ormnem, 01, 11111110 1111 0011100110,
00000110, 8011. 11(01, 01010011).

0111111111.. 011, 1111111110(01, 0111111), Gen.
21,·111. 2, 1991101. 72.

omn, 11. qu. 0001, 10101. 0110010, 00-
010110, SE. 1 308, 1.

0111111), 1., 0000001100, = 0001 (01,
010010), 811101. 5, 1, 3.

ovum, 011, 11. 91101010 (01, 010011.).·
0101011·ἷο 11110111, F. Χ 181, 3.

omn, 0., 00000110, 11001.31,·811. 1 76,
1. 181,· 01010 1101 terra 0000011110, amen,
0000 01010 100111 11911010 0001,10111110,119.
(110111 0100101100 Ι 0000, 111111 01 0000-
01 1 1101110010109110010 1 10100000 11101-’
ins 00000); 010ἱο 1111 eurem, 01010 11101
101111, 011111. 1, 10. - 1) 001. SE· 11
172. 556 (10010 qued 00 in 011911οι0 1111110οι1,
SM 222) ,· 011110 yse 0110011110 011011, 00900,

 

