11611

161 (16661, 11116)1 1. 96111 16166 auro 6166-
161, 661666111661, 16 6616, F. V 233.

61666666666, m„ 6166661
ris (91. juba 16616, 16661, 1161611, 6116111666.
1199615 61 am. 111 296), SE. 1580, 2.

1116661666, «1,.,61116(661,1166),
16611666, SE. 1 128, 1.

6166616116, m, 6166 metallum
(16661, 6111161) : r. 111661 6111661, SE. 1 102, 3.

ΒΔΠΒΜᾹΝΙ, 111,, luna 161616 (161161,
616111), 1116166 11696 1. 6661666616 616-
chiis 11611611 1619661, 1. 6. 611966, reynir
11. 1696 1666111666 16616161 clipei, preliator,
' bellator, 118. 6, 3. ·

1160118111, 111,, 16616. 611666 [= 1111666),
6116 6611666611, 6661666611.

mmm, 6., bos, SE. 1181, 3. 587, 1,
11 181566. 621.

monn, adj.¹ ruber: 1661191611, 166661·
166111, 119. 2, 1, F. 11 186, 1,· 166616
16616, 96691, m 166, 2, SE. 1130,1,
16 ,11616 66661 61 1161611666, SE. 1 502,
2, 11 151, 1, 16 6616116696616661 itrvpa
1966 161, 811. 1 282,1, 1. 111911 ruti 61
61666, sk. 2,9 , 166611 11116961 661111 666611,
81. 2,15, 1. 166961, 1161. 10, 09. 19. 21,
1611616666 rubro caput 661616, 6116 16116,
16 661666 166161 6. corporis, 16661611 11661
coloratus 61 rubens, 1161. 8.- 2) 16666 1161,
6) mare 66616111, Arabicum. - 6) pelagus
6611616, profundum: 61616119 16666 11616 16-
qm 66611 66111 666661, Dromo, 116611 169666,
prasertim 111 mari 1161116166666 frequens, 11.
1666696166 pro 6696661166 1116166611,61611.
26, 2. - ο) 166666611,11.96. 1666611616,
16 61661 11611166, F. W 191. - 3) 6116
1661, 11. 6616661116, 1691161161, 9166111661,
6161616661, 11116661, 61616661, 1666161161,
1161166661, 1611616661.

monn, m., 11. 96. 1661 qui 1116616611,

. 661 1661, = 16661 lucus, 61661, 6116 11111-

16661, F. 1 100.

RAUDSYLGR, 111,, ruber 916161, 11. ruber
liquor (16661, 69191), bens nubsylgir 66611
66166611 1611666, 16691111, mor, SE. 1670,1.

mum, 21. 16191161. 661. 6. 11666 6611-
661616, sn„ 11 111,2,190, 1.

RAUDTUN, 6., area 16616 (16661, 166),
pl.. 16 1666 911966, 116. 326, 3. ο

1111916166 pm 1116611666166166,
Has. 2.

1119119111, 6., 19611 1611161 (16661,
1111), 1. 1661161161· 6611161 191111 6119161, 916·
1166, 161611· 1661161161· 16661116 61616161· 916-
13, 96966161, 16116166, 1111. 51, 1, 916 1161691
ί Uibu? 6661111661, 96619611 611611 161,
1166 666661, 1166661661, 1116661. 9. 113111,
116161. 51. - 2) 1666611161, constitutum, 16-
1116611161,11.966116161661611.· 66 er 1 1661,
61 regn 661 ffjbti 16116 sutum 611, ut plu-
616661161, 9611. 38. - 3) factum, 1661·
, nm: 1111 6916166116 696611 66116, 11611. 1,
61, 1161. 7, 11611 ι·. facinora periculosa,
6666616, 1161. 6, 1111691 ι·. 6161661, 96666 [6-
6166661616 1661661, 01611. 16, 661. 1661. pro
1111166166, 11691 191911 bv! 1161666 sincera
616116 (pio 661616) 1661, G. 66, 61 61111661

6

6111 116.

116616 61 16116 facinora, 816 12. -· 1) 96-
161161, 6111111616, 61 1161 stillis 6661666

W. 691, jussu 696, 1. 11366, 1,·6166 rui

pro lubitu, 116116. 10, 6, 1616116, mo 6161-
1116, 16 6161616 916116, 68. 27, mla 61
munna 16616661616611166,66611116,9661
16 6666616 66611, 116161. 17. 06 inperio:
16116116 116 9161 1911111161Ιὶ 6616966619-
66116 669116 potiretur, 01. 19. Do 96161611
6661111666 1166116 .· 61966661 166 1111661· ,116-
111 11111..·;111.21;161
61161661,,11., 116 111166 peractum 611, SE. 1
320, 5,· 6666 6-61, 1911116666 6-61 96616
1166 1661161, 6616116111 6666661616 1111619666,
16611616 61166, 811 1 , 15, 3, 1. - 6) pt,
potestaten , 1. 6. 61161166, 166 611 ok 16916,

16 911616,1666161, 6611691661 consiliarium
1691611161,11.1’159,ΙΧ279. 296- Dm·
11116, 116161, m: 1199916 ,161 1161 6-6 6666
16166111 61166161 cogitare, 1. 6. 961616, m
ejus 6666 loco 6116, ipsum 161616116611, E&
10, 3 (ΛΑ. 235), 11166966 ribi 6-6, 6116

6116966, 666 66 1161 6661111666 611966

[lg. 13, 18, 11616611. 6691166161, proceru
1611. 1118661. 11 1611616161, 16161111) ,· 1169, ’

6661661661 6116, 1111. 1127, 2, 116966 nin ¹
116616 6661111666 011616 (quid 66 sactu ¹

111) 1111611611, 1166661. 110,6111,16 1661 6166
res 11161 ordinm, 16 moribundo, Nih. 59. ·-
8) 66619616, 61116, 111116169116, 161166,
1161116116. 1116661116, 6166116, 1161166.

1-6161, amo. 661, sn 661166666161·
1666, 6661166.

6161 (wa, 111, rame), 6666. am.
1619111163. 1. 16111, sau. 36, m. 16166
061. 11., 661 ed. 116166166116196616111 166.
06661111 161666 [6161661161 111 3. pen. 16191.
ind„ 1131, 1161 sollicitari 666 9161661, 11. 161
prosa, F. 1 223, FB. 1 ⁵32, 661 tuen po·
66 me 669, 611. 16. 67 (quo lm 1. ιν
127,116). 16191. 66611666 61. 16661161.
2611161. 5, ⁵, 196611 111). cm
11161161 cum 666, 1161.,16,1611166,61 6666-
1616. - 1) 6. 666, 6) 6661111616 1666, 916661
116 mun ek 661 1166 6661111661 1161 aab,
116111. 51 , 169161, 6611116 rsa: 166 6116111
16 milti 6661111616, 76161. 1, 1666166 1111,
1116616. 118, 616, Fun. 20, 611116 suso-tia
objectiva: 1666616 pbr, 61))6116661611666-
1111616 1161 16, 61 6661111661 66619166116666.
111. 115. 117, 6. acc. 6116611611 pat 166 ek
1161· 16 191616 11 1161 prim 6661111116, 111.
1, 22, 616, 61696161 1166 9611 bonum>
11661 1616916161, (111. 70,1. 16161166 et
1161 16611 comitium 1161 datum 611, Fam.
11166616 16 1661616 661 96161661, 1. 69616·
1616161166, AEd. 56, 9661 sorta 6661161 16-
161161 61 1, 6, procurare 661 96161661, tsv
6616 111 quietus 111. -- 6) comitem mre,
11. 6661111666, 1666161616, datium .· 1166 6-1
111 11666 6661111616 capere 16 666661 661, 16.
666661 1666616611 661, 811. 1, 51, 6616 hn-
116, 1161661, 61 1166 6-16 1666, 161 oth
6-61 111 11666 6116116661 nocem, SE. 1380,
3, 16661116 61616 consulere, 6616666666·
669616, impes. 6616, 6166 161. 91666.- iu·
116 Ana 61616 6661611661 611 66 1111616611

 

