11111, 1111. 111, 1. - 1) 1111111 upot-
1111111111 heims, (11.5, 11111 1111111111 1111111111
11111111151111111 1111111111111 1 1111111 1111
1111111 1111111 Ι 11111111111111111111111.
flumen, 1.,11111111111, 1111111111, 11. 111111-
111111 1111111111 1111111111 vecordia 1111111111
1111111111, 1111111111 1111111111 111111, «11182,
nummo: drygt 111 1111 11111111 Ι {nt
1· 1111 11111 11111 111, Ι 1111111111 111111-
11”1’111.’.1111“1.1““1’.1113“.11’111
1111111111 111, 11 11 1111111 1111111 1 11111111
brumbam. 1111111111 1116111 1111111111 11111-
1111111111 111111
ι1111111111111 11111 11111111 11111 1111 11111
1 111, 1.
melma, 2, 1111111,1111111111, 11111111,
1111111111 h. 111 1 hm 1111111, 1111111111. 20,
1111 . 11111111 1111111111 111 1111 1111111,
11 111 1111111111 11111, 1111111 1111111111
11111 11. 11111111 911 1111111111 οι· 1111111111
11111111ιί111 nono 1 11111 111111 1111111
’111 1111111 Bk 1, 211 11111111 11
ἔως Ι 11 111 111111 Ι 1111111111111111111
11 111111 111111 111111 Ι 11111 111 1111111111
111111 1111 11111 11. Fa„ 1519, 51 h.
1111 1111, 111 111111.11111 111111. 01111
11111, 1111111. 15. 111, 0111111111111, 111
qm 1111111 0. 1119111111, 1111111 cognomina
11111111 1111111111, 11111111111111111111111111-
ribus, 1111111111 1111111111 1111111111 111111 11111111
1111111111, 11111111,111111111191111111111111 111111·
m 11111111 111 simulatam 1111111111111111111111
Ι311111 11 1111111111 stum), 111 1111111111 11911111
Ἀέῖἰᾮὲῑῗὲῗῖᾝ, 1111111, temore, 11111111·
111111, 81111111 7, 61. m 111 111 11. 111
yma: 1111111111, enormiter, 11111 126.179,·
11 adj. 1111111111, 11111111, 1111111111 (pro
1111111111ς1, 1111111111), 111111111111111111111
m 11 326.- 111111 111111 1111111 1111111111
(1111111111, 11), sed 11111. 3281 11111111
11111 honum 111 1111 vuit 111 111 1111111111
11. F. 11 1601 1111111111 111 1111111111, quod
1111161 1111 111111 11111111 1111111.
nnmsoxu, 1., 11111111,11111111 1111111111
(heim, 11111, a 111111 heim. 1111111111 donn·
5111114 1111111111· 1111111111, 1111111111) , 811111. 1,
mmmmm, 111, 1111111111 conplectens,
1111111111 includens, 1. 1. dm (1111111,
mr), 1141111. 61, amplum 11111 1111 11111-
melfium, 1., 111111, 1111111 mro
(111111, 111111), 111111 111111, quamue 11111
nodo collacum, 1111111111 11111111 1111 111ς1·
1111111111 111 111111, 11111111 1111111111, 111111,
11 ebrato, 11111111. 111 1111111111 1111111111
dom 11111111, 111 01111111, flas. 111 heim-
ab: 5111 11111 11111111, 1111 sotir 11. hym
111111198Τῦ1), 1.,1111111111 11111111, 1111111
1111111111, 1111)1 11111 h. 11111111 locun
111111, 1111111 duem, 111. ⁵0. SM 19113.
mmmm. 1., 11111111 1111111 (11111111,
1111), 1111 1111111111 huri m 11111,

1111111. 111111 1111 11 111111 1111111 huod
heppenn 111 11 1111 11111111, Ι 111111 111
dag 1111111111 Ι 1111111 1111111111 1111111111.
nummula, 111, rector 1111111111, 11111
(1111111, 111111), SE. 11 171, 3.
1111111811181, 1., 11111111 111 dono 1111111111
(1111111, 11111 111111 11111 1111111111 11111
apud aliquem 1111111111,811. 1610, 1. 11
prosa 1111 111 11111, 1111111111, 1111111111
a 1111111111,111191111111 cm» 1111111111 111
. 112391 111111 11111 (parim 11 1111111-
1111 a 1111111111 noma 1111111111 1111 11.
111 1111111111 1111111ςί1 aarum 11111111 11
1111111111111 a oonqrem‘oue 111 commercio
1111111111 populorum 11111111, 111111. ρ. 128.

ΗΕ1Μ1101111111, 11111111. 11111111), repetere,
11. recipere, recuperare (11111 1111111111, 11111·
1111111111, 1111111111 h. 1111 111 111111111-
111111111111111 1111. 11111111
1111111111111111, 1111111. 181 11111111, 11111·-
tare, 1111 comparare.- 111111 11111 1111111111
worumnus 11111 11 1111111111 11111111 111
1111111111 1111111111 epu* 111111, 1121111111-
1111,111111,1111111111 11. 1·1 111 1111111111
11111. aa ,1111111111111111111 aesque„
1111111111, 11. 1111111111 1111111111, 111111. 1.
(heim, 1111, 11111111. norb. 41).

ulmum, 1., 1111111111 1111111111 111
em, 1111111111111, 1]1Ι11)1 1111111111 111111·
1111ε1ί111ῗ1ὠωωω 111 1111111111111,

mpvaNmt„ 813. 1 111, 1, 1111111111·
'affilfflmlh 111, accipiter, SEss 11 187,
1111111111, 11111111.

mmmmm, 1.,1111 1111111, 1111111-
1111 (heim, 11111111, 111. qu. 1111111111)111.
ltingt 111 suspensos 11111111, 01111, 1111 111111
heim 11ς1111111111111111 01111111, mna: 1111111
1111111 1111111 11111111· 1111111111,111,111. 11
353, 111 loco 1111111111 11 commotam
1111111111 1 motu 11111 1 11111111 11111
111111 1 111111111111 hung· Ι 1111111111
1111111 1111111,1 1. 11111 1111111111 1111111
111111 111111 1111111111 111111, 1111111 heim·
11111111· 116111111111111.),·1111.· 1111111 moti
111111 111111111111 11 11111111 1111111, 11
111111 111111 11111111 1111111111 Confer 111111
maican heimpingi. 111, 1111111, 1111111111,
citat? 11 111111. 11111111. 1. 01111. 2, 211.
’.01111111111111111111 111, 11. 111. 1111111111,
111 aliqum visitat, 1111111111 (111 amicus),
11111111111111, adgreditur (11 111111, sim
11111 heim 11 1111111111 utraque 11111111
11111.1.“2111.1”1.1..1111Ἕ
111111111191111681111ἓ1111 11111811 ’1111111ἔ101111ω111
9111111111 (1111 a 1111111 1111111111 pro 1111
usurpata), qum 1 luam· 11111 vinc. 1111.
111111111111 111 capito adgrmm's 11111111
9111111111( boris).

1111111, 1.,111111111, sm, 11111111111111
uotae, 111, 11111111 111111. 1. 11111111, SE. 11
162, 1,· hain 11111 111-11 11111111, 11111, SE.

 

