333

1131339331· 113 89333. 3391193. 1113311· evi ,9.

3533331, 111111, 113., 11,... 3111. ,31
1111 111 113311 11311311 3119113, 8131313, 33.
11133 1133133131. ·

3311331,5.,1131111,11.111191311,1113111
uim. 3 ’1313 9311113, 939113,11333333313
11313 11111131αὲ31933,131133, 881118 5. -

2,939113 81 2,· 11333313913111,
11.,51,’,,·1327181313173921’.111219,

25131333, 13., 111311. 86, 1,· 83111.,·3 111.
3133391933, 8933155 1333311133 9319113
31111111, 3313311113 311, 119. 33, 6,· 131133 33333
93131311 113 93933313, 1111. 3, 2, 3131331333
33331 939313 311131· 1933 311, 1131331, 23,
13113 3313331313 93931313,91193313,11. 31,
1533331111133131339119313,13113133,113.
232,2,· 333311333139311 9119113,113113,

1933 11333 3313391999 9119113, ojus 333113
53311331,8111.2.

8911138891, 11.,1319111331 8333111313
(111331113911113113, 1111.1231,2.

ηι888181111,1., 1133 11333331, 933393133113
ΡΓΜ332979111333, 133)3 13361811393131,

1111516111),1., 9319313, 3111133 (333133, 313,
“131111.3“.1··“3ῗ. 11.ξῖ ,3...
(139133991313113, 3331331383,.3311) 33133311
13131,313.1131’1,3.

minuma, adj„ 13113133133, 1111331133-
1311,13111131(13313,33133,113111.)11311311
3313333331 13 33ιί 1313 1131111113 311331 11313-
1133131133,11.33111131113111131911,
1191· 3111111.13313333311113113111133 131333331333
31111 33311131 31 9131331913311111, 9131111 33 93-
riculis 913113.

3333 111. rm. .

1111118,1,313193,3335331.3331,1391311
333339 91. 113311,113 33333, 1111. 76, 3,· 113·
93131111 333193, 313,3113111311311’931’,93313“3133-
1333 9131313, 88. 1129,11113333131 a 31113;
3333 333 33 93111, 1131113. 1, 39, 111133 9311-
333333 3113131 (118. 31113),- 3111311113 1. 11111193
3119 31·, 11311. 31· 113 333313133 1913131311
313393 311931 3113311311, 88. 1602, 2, 3393
31111111113331111.
399311311 11393 13319113 3119331 immitari,
31331 SE. 1 120. 111113 compositum 1181·-
3333.-2)3119311111111131331331·1111 3331111-
31311133 81111133,133 1311111111 13133 33113.
33311)11,13333333113313,1111.221,·111.35,
1,·131111131111 1111, 81’1.88,2,· 13131311
313 33113 31193113 3113111111 311933,1111113. 1,
215 3133 3. 111 3331331,311333193133,1113.
31, 2,· F. Χ 186, 1,· stand· 3133 3331313
333313 1313 13111 3119311 3331111313, 111 acie
1331311, 811111. 2,19, 1,· 9311 1333 113111111-
9311 succinere, 1113331. 159,· 1333 rendit 1
51,3119911133119, ’113113311933113133
33 bellatoribus 1113113113 3111313113113 3331113-
11113,11.;9.11331(171132)33
13,1,·311.11’,·31.1,·33.,’;1313,9.
333133 313113333131313, 93911333, 91126, 1,·
119 31 1,· siam,- ·.1(31·13 19, 1,· ,13393111-

33113991· uma 313313 31111111,
mihi 11293 113313 333133 133333,

611 333

13., 811111. 7, 12, 3,· 3133 333313 3113331133
139333, 33333313 11333333, FN. 11 276, aar.
1131.19,·133311313331113,11.1227,2,·
33133 3333 313 3-3113311311133111, 113. 326,
15 F. 111313 113311, 3719131 11811
139. 211),· 33933 333333931111311933133931·
91311,311.13,3,·311111133513131133,
33331319331333131311331333131333333113-
9333, ,11133ί1,, 2, 331133,1,·11313333
33333111 1.19,2,·1331333113313311133
113313 3119 313 3113333133,1’ 111391, 2,
331313 13313 33313 e· 3 13333 311933, 1.3. 33·-
3133, 11135, 2,· 1131131333, 93133 33333, 113.
18,1,·1·’. 111133,3133111113311331531133
3333 3333 33313 1313 clipeo, ie. 111 3313,11.
1’11 67, 15 mann· 11393 33333 339333 3133
333113 31 33133 13333,113111.-1)11139939.
91331131939113131331111313131193313131,
9133111, ejus 3)363331911933133,313,1111.11,
25331131 91333 119913· 3119131333,1111333 313·-
93331131, 3393 31333 91333 9111313 vespm,
,1913313113111131 111, 1111139911-
3133 clipeorum, 91331113, F. 117235 88. 1
1395 3331133 133133 1191131111 311931, 91331113,
113133111333333113131,1186 13 3311333333
333111113119131333,9119133,11.19,·131313υ39
duriam clipeorum, 913113, 91 18, 2·
33333 11313 31313131· 3119331313,911 31, ui
288- -3113333, 881535 3 1132566
(11 625 91333 13133); 3333 133333 1311311 1133·
911331113,13311133, 811131. 5, 18, 1, 33111 311133
113113 qimandan-u).

11111111,1.,33313,11313131311 313311,13.
331339· 313113 33311313313, 1311131113, F. 1

387, 1, 31. F. 111 19, 1, 3113· 91. 33393.

1111811818, 33, 13. 931. 33931311 1331313.
qu. 31139313,333111311113 3333 33113931. 3139-
3339313, 133. 01333983. 1333, 2.

Rom, 111, 3911111, 88. 11131. 571, 91113,
999111 admissarius, 3393313131, 331113113γηί.

318311. 11313 aries.

[1111118,1.,31111111,13 911. 1333332, 8811
189 (coa. 1139. 311331 mvn, SE. 11623 333135
13115633333331111111111113..) -2)913
33333, 11.11131,933111311 113 3393933133,11
33333393 = 33333393 9131313 clipeorum,
51199919 -31 91. 113333,31., domus, F V

11118, adj„ 93113131 (33), 3133 1313931. 3333.

11911, 191.,333133331111131·333,9313 13-
113313 11333 3331131133, 88. 1585, 21333),
1156513119111821333359) 1162513333).
9813319113311331313333133111. 3133333311-
3331 333331333133, 11 ek 93113333 13133 i
3331 1131333331, ok 93111 1311 sem 1131313331
1 {yrirskyrtu 3139113331 93131, sem 3133
hein, 13 3313313331 331331131131331 93391331,
ok 1111313133 mmor.

11118,1.,3313.· 3311 uim 131 emm,
63. 73. 111 comparatione.- 3391 311333,
3333 1331313 1313393333, 113. 6,· 9311333113
351 hin 33333, 113. 6851193111333 399313-
3331 33133, 33 8313313 113313,1111.19, 9113-
331111 31.· 91331119, nm 3333331 rin, 333313
whaeAl'upuwua, 91111 368, 1111. 25, 3131
3115 161511. Χ 352. ,

 

