111311, 31· 1311 13111 3111111111311113111, 1.
3. 11333 1111311313 sanquinem 3113131.

mn, 1., Panassa 11111111, 111. 11,
1,· 131111 1111111111 13133 1131111311, 11. 11 17,
1 (11. 1311131311. - 2) 1113111 (1111111133),
SE. 1 576, 1,· 11 177. 561. 621 ,· quo 133111
11111113 133131331111131133 311, 1. 3. 11. 11 316,
2, 1313131111 sn 66 131111131311131311118.
6713131111 11111131 guy 1111111111, Ι 1311
1131111 311. veisa, 1311131111. 11311131111113-
11111 113113,111133,· F. 11282, 13111 1111111131.
psius h. 1131111113 113113, 1111111 1311111111,11·3·
ls‘a,· 1113. 213111 111111· 1131311111 113113, 111.

1611818111, 331.,11111113113 (13113 1).·
p. 11111113, 1111. 16, 5, (1133111113 1311. 13133
3111111111 81. 381, 131), 11. 1313111, 3113111.

mn. 1., 1311311111, 1133111 111111 13113 13-
31111, 813131. 1, 36 ,· 33131111131111131 guas
3·3 111111 3113111, 81131311 7, 511 111111 13113
111· 1111111311, SE. 11111, 1. Pru 1111311111,
1311111131, 8111. 1061 1111111111311, 6. 1
2711 11111111, 31131111111111111111111,11131.
13. Les. 631. ΡοΙ, voss, Pjeld (8133. 31
63111. 131. Pan, Pelle, 1113113) 1131113 11111-
11311311311 11111133, 1111113 11113313. 01.
131331 811111111 (33 11313131111311111131-
11331111 1131313 131 1311111, ven 313111, 113111
11111111 13111313, 31111 1131313131 31131313113
111111113, 111 311111 1111111111111311311131131.

pausemus, 1313111113 1111111111 sss-
111111..- p. 31 13111331· 1111 1111111111 3111111311

11111 sisa periculo insaniens, Ns'k 81.

133 831111 11131. 1111 1311 1313331113, 11.
11331111, 1111. 17181291, 11331 sm fugl-
133 1311113111.

PENNINGR, 3., 11113111, 1611161 NJ. 21,
2 1111111, 133. 61111. 11183, 3331113 11113
111313 (syris). 1. 3. ,1, 11113, 1111131, 133. 611.
116 ,Ι ,1, 111111 111111 1113133111. 1113 131-

111111.

Ρ PENTA (·sbs‚·st)‚ 1111311 (11111. 1311111
11311311 1311313111, 131131111133311,1.11. 27,-
1133 61113. F. Χ 11 ,· 1111113111111111111331·
’1311111 11311313, 88. 11 158.

mss, 1., 11113 arbor, 86. 11 18311111
1133 SE. 11 566 113131 fuss).

1111186111, 1., 1313313,113311111131311131
311 13111131 1131113 111113 111 13113 311-
11111111113 11313113, Lis. 31.

mn, 11., 13113111311311311111111111,
1111 1131111111, 3111111 13111, 13113313 3111131111·
113, 631. 26. 81311 Pessi (1313 111.),113-
11111113111, 111313131113 33113313311311111, 63. 31.
1131. Petrus-i, 13111111111131111131. 13 11,
11311, 93, 1, 1133 111113.

Ι ΡΙΚΔ, 1., 11111 (6311111331.81131311.5,31.

PM, 1., 3311113 (61111111 13131113-
11111 1111111, 8111111111. 1, 17.

smmmffistmm
0111111511, 11., 1131, 331133111 11111113113,

111111, 1. , 3111311111, 1331111, 3111131111
²312· ¹[sinu 1333111113 311111, 33 1113131311,

Pius (-1,·31,·1, 31 ·113,-31, 81111311. 5,
11), 3113111131 11. 3111131311, 8111. 73,13
1111111111111111111111111

· 3 · “· · 1

638 *iis

61111 111, 1. - 3) 333313, 11111 111331311.
1111111, 113313, 63.10.12,·1.11311, 61. 11.
1111186, 1,31·11313111(11113)1.1. 131 113·
111131 11131 3113611611, 6. 621 31113113,
33 111113, 8111. 6.
1111811, 1., 1111111111,131113,811111. 1, 12,8.
1186111688, 3312, 3111 31131311, 331311,
1111311111131311111, ms. 36.
3 611ἳ113511113, 1133311111, Sam-83, 2

111111 mos-st), 331113111313131 1. ok ¹

11111113, 11111. 1911133, 1311311113313111,

31 1111111111 1111111111, 1113311. 13,- 3313111 1

11111, 1111111111. 2101 act„ 61111. 11 2611, 33 nr.

111811,1.,13111. 11111 33111133 ι,11313.·

ssmjs 1-11 pins 13113 11111313 3111, sturm,

2, 1,· 3111131113, 111311 111313 nubum 3131111 ¹

3113136111 111111, 63571 33 3111311113, &M-
mo, 11., 11331 11111 peirn 1. m
11113, 81131311. 3, 32.

11131,1.,111111,1η111111.·,.11111, 3

63. 12.

181 111113 3111111, 61571631. 11313).
ammi? 11., 11111 cnydius-ss, 3333,

11631111, mssa 11111111 (puts),
11113 1131111161.

Puden, 11, 31111311 (Das. Plsv)= 13111
11113131111111 11113, 1131. 191 sess 11113 31
stri, 611111. 82, 131111. 11226),· ubl·
11113131 31311111, 3113 31111 31 1111111113,11
16,1. 1111111131111111111111311-
1111611318111111.1, 339. - 2) 1111131111.
16. - 3) 31313111, 3111333311 11111 ns
1113 3111113, 6111. 33.

1116113, 1., 11111113, SE. 11 182. 161
(Nm. 1111331311, 63111. Passus, 11.,
11111. mommo).

Pomm, 111. , 11313, 31111131, Bessa. 11,
5,· 1. 1111111111.

30118, ss, 11111311 (Das. 1111131 Nm.
Post 11111133 6111 ,· 1111111313, 811111. 1, 11),

10111, 1.,11113, 13113111, F. x! ³0⁵,s

111163 (·3111.-11), 1111111313, meista ⁶3·

(1133111 mk 311111· 1311113113 1111111113, ’

11133131 11311113111113111111311 Pom
11111 1111311111, 1 1. 111111· Possm 33
1113 3111131133 3331331111, 111. 11, 2,· ben
111 111111 1113113 3113113, 331133311313.
11 272, 3. 11313111 3113111113 post 11313
3111, 33, 61311. 12.
Possum, 11., 1113313111, 11. 31.
Pam, 11., 13131, 3111113 1131311861
582, 3,· 11 181. 565. 6211 133. prin( .
1311. pumma, aps-smmi), 611. 111, 111 3131113-
1111111111 31111. 1133 11111111 8313. 11111 13133.
Pnnsss (-311,·111, 11311313, mpsim-⁶
1111111 13111 1111111111 11113331, 111. 16.
Passus, 11., 33331331, 63. 12. 21.
mm (·111,-11), 31311313, 1113 311·
3111131111, 1311. 11. .
1111111118, 1111, 3111313, ms 18 (111111
1111133111, viss).
1111111, 11.,3311111111111111113 (3 131. 11-
118111), 1113 οἱα 31111118. 3312113111, l ¹5¹
ο- Ι m, en? 'm ⁸

 

