155

1111 85111 551 1555151, 5115111515555 511115
rex 8555551155 5. 1151515515151, SE. 1 242, 2. -
2) 5155551555, 1. 1115, 1151. 51, 5,·
1291 183,· 111519, 1,· 811. 1676, 2,· 115.
326, 4,· 511165515551555515511111, 15155,1555
11115. 7,111 51111551· 1111115. - 3) rer 55551-
11511155, 515515, SE. 1548, 2,· 11 469. 552.
614, 15155811. 1 522. 111155 (1115511555, 115.
82, 2, 111515 5155 511 (5515515515, 111551,
11515 51551555 1111, 1515 515511, 51551155,
151151 fuera 5155155 imminuere 51555151,
5555115151515155, 1155551151 esee. 8115551151
5115115115, 115. 515111). 2, 1151555111151, 51551155-
111 515115, ,5155 555551 (quo G. 11. verterat:
adjecte'r 515511, 5115511551 ’ 1, 55 5515151555155
11112”’1.ῑ..“,-.1111“..,11115111151.)
5511155, 1. 5. 55151515 5 5155 115115111551 551·-
515 55551155, 555 5115515 1555151 5151 111115-
551155,· 511 15155 ,15155155511 reseraturi) 51
55511115115151,1“11 11511155, 2) 51 intercessionem
555 5551515.

110111118111, 55., 51551155 15151 (15551,
55155). 1. 15. 51, sm 555, 5,· 15 551.
556. 616, 15115 1551155551 11111515551155511
11555 15151, 5515155, 1551111555 5551551555515
5155515515, 01. 43, 2, cons. 1551 15555 11
1515515115- 2) 1111155 01111511, SE. 1 554,
1,· 11 616, 51151515 SE. 11 413 155551 11111515,
11 556 0151151 1551). 811. 1 28. ‘

-1851,1151151115115 (1111155155, 51115 1115515
(55155), 1155551115 (5 rerer). ApinJe 515515
(55 551), per 1 5151511115 8111. 115.

1111112, 1515551,11. 511. 5555, 5555155551
5155515 51511 55551 gott 5511511 55111 55155,
5551515, 1.1”1. 2.

rm (-1, ι15, 115-55, -1), 1511155 11155)1
1111111111.ἷὲ1511Ἥ1511111 11·
4,· 115511 1111 1115551151 fores 55511 15511155 55551-
515511, soree 5111515115 155551111, Am. 44. -
2) representa, 55155515, 515, 551555151151 ek
11511551 11111151 115515 11111155 (1551111155111) ejus
15555551(1555151555 1111551151), SE. 1 698, 1,·
5111 151151 5555 (15155551555115515515155151155-
1115 5555111555 01115515, 811. 11 472. 555,· 555555
, (11111555 5111111151 555111 111115 profero, 555151151-
115 carmen, 881. 1 248, 2,· 5555 111511, 15551,
5551 1511115, 5151111155, fortitudinem 511155551,
SE. 1551, 2,· 11 116, 4 (F. 11 196, 1),·
gd. 25, y. 5115551 55111151 representare,

515. .

1211111118Νῆ, 51111 555155555.

1112Ιῇ01111, 115., 5111111111, subducit 15555.
holm: 5155115115 1111155555 55155151, 15551-
55155, 515 115. 290.

15, m„ arm, 515. 5555, 1,· 111511.
561. 621,· 151, 55515 qen.. 115, Ῠεες 11·
15155 1111111115 551115, 811. 1 620, 3,· 5511515
51555515555511151, 11111511. 15,· 11111555 §s
(155) 11155115 55111115 555115, 51515155, 8111242,
2, 115. cod. 1155515. 51 115151. (11 305, 2).-
2) soree arboris 51151111 51155 15115 1 5155
515, 811. 11 50. 3665 111111 115 ingr 55555
5555515, 11. 155, 5555 1515 011. 217, 15511
155 51155111.

111,555515.,1, 15,11. qu. 55, 115, 115551.
121 11). 103, 6. 115151 55511115 111 prora (88.

002 151

11 32.38).-2)55,8Ε.1472, 11511111.
11115551. 651. 1155. 11155551. SE. 748 (114183)
15.1. 15551511 1555111515 1., 511 SE. 11 592, 2 511511
1111511 1551 , 51155 vera 151115 1515 videm
11151 aequem 1111555 1155515 555 55151155 ιιι·

51551.

Ρ1115 (-1, -55, -1), rorare 115)ς part,
155511 5111151155 555555, 1155511115, ,11. 1.

1111, m„ 115115 (51155 115, 5., yet. 1555,
111. 111 637-38).· 5151155 yn 115515 uri,
155555, 5551111155, 551551· 155 5155155 plutio
15511115, 5551511, 5155151515, 115. 44, 3. Confer
1111111 11151. 1151. 2, 45. 11. Rip„ 1551511·
5555515115 5555551515155515155515155-
15111. 61111155 51555 5151551151 155 11. 55-
515155 515 5555. 51515. a 55551. 5511 polest 5555
51115155. 5 515151. fr, 511, 11.511.115,51 51-
55155515 1511515 1155515515, 5555515. 1115 1555551,
SE. 1 246, 5. 1.

1111116, 1.,5515511111151555, 15. , roratio,
51115115 (155), 111 115111 1515551151555, 11115-
1555, 11.· 151551 155 5151115 5115515 115151·-
5555515551(5155551511151,5551115551115), 5555515111, S}

11111111, adj„ 11515. 5515555155, 5151155,
55515515, 5555155551 5111511 5155515 viria,
115551. 25 (pror. F. 111 95,· 5511, 515, 55115,
1151. 5. 15, :mie 5. 5511).

11111 (55, 5555, 5511), 5111 urin, 5551.
ρα111111888111, 5., 51511515 (11. 551 vertet-i.
55 5111, 5., 11. 511. 5151135151, epu, 11
5151, 51515515 555511155115511, = 55515111)
- 2) 51511515 5551111111 1511111515 5515, 11.
10. - 3) prom, 55555, 55155151 5111551111·
51151 51, 115515 1 5111 5-5 11555555
11155. 01. 11555. puy. 183. - 4) 85anae
yrki τ11511, 1551, 1155511115 5511
1111151511, 5., 55155 1155111551, 11515 1555115,
hm 1111115111)515,Λ115. 57.

1111111 (5511, 5515, 5511 55115, 5511, F. ¹

111 227), [acere 55111, 5515551, 15155555,-
51151. 551. plur„ yrkjendr 55555511, Hem.
59,· - 2) faeere, 51515155 eomer.- ιι, b
aliquem, 15 5551151511, 1151551. 12,· G. 12,-

115551. 23. -- 3) 55111· 5 151 111 5515 55151 ’

115 5))1511, 151 15151115 ( 1. 5. obscuretur), 5511
5155151151, 111. 1475, 1, 155 5151555511, qued
5151115555 11511555, 55555511515-5511 1115151·
5555111555, 5151. 5-5 1115515 5151155551
551511, 51155155 accusatorie conpellere, 15155-
1155 5555555115511555 155 1511511115. 3

-1111111, adj„ 11115. 55 55115 1, 2, 551
[reinherum 5551511, 55115, ride 5515555.
1155 5 5.

1111111111, 115, 11155115, SE. 1 572, 1,· 11
478 (5551555, 11 6215 11562 15511115 cer-im
v... 51, 5.· 511 gr, 55155511.) - 2) 5555·-
51115, SE. 11 8571.

5115151555, 5., meatus, sm, 15
πη115111111111’111155111,.. pram), 55 55
555 111111, 51151).

115 son, 5., pro 115155, 1515115151 (5

1:11, 51), 55515 1551515115, benun (vem, ¹

5151), 115. 51, 1 (5. 155, 1),· 155555, 1
155. 51515111, ..1, 5555, 1. 51551551..
1111. 55551 555155, 11. (hb).

 

