1111

,11111111 cmm 11111 mla, 81. 11111
11· menn 11111111 1 1111111111, 1111111111 111
11111111, 111 1111 1111 111111 app heslinteutr
1111111 mmet-kin, 1111· 1111111111 111, 11
11111111 111111 11111 11111 111111 1111111, 133.
17111 1111· 11 1111111111 11111111, 111 11111
111111, 111111111111111111111311111111111 ibt-ing.
11111 bula 111111· 111111 pro 1111111, 11111
jubar 111111, 1111111111111, 11111111 7111911-
11111, 11ὃ jub-r 1111111. --.11111. 11.,1111111
mensis, aurun, 111111 1111111 1111111111,
Quoi»- 11111,111 111111111,ρ11111111,811. 1
mumma , 11., 11111 1111111, 111111
(111,11., 11111111), 111111111111111 1111111111
11111, 11111 1111111111 111111, 1111111111 1.
1111111111ῗῇἷίἕῖ ’1111111111111
1111111 111111 aquus 111111111111, 111111,
111111111111111111111, 1111111111 111111, 111. -
1) 11. 1111111111.1.1Ι111111, omnipatris, 011·
111, amors 11111 111111 0111111, 1111111,
11111111. 111111 111111111111111111, 11111111.
1111111,1.,11111 1111111, S .11 192
1111 1111111111 1111111111 1. Ε1111111.111111111
111111 111 11111 011111,·111111111111111.11111111,
11111 1111111 11111111111111111. 11111111.
10111. 2, 181. 1111111)1111111,1111111111-
111 F. Χ 3111111111111111. qu. nummu.
11188 pro 111111, 11111111 1, 11111 11111
acuti, 11111, FB„ 11 275,111. 1111. 10.
MSS, 111⁸, 11121, raum 1111111111
W 28131111111, 111111. 22, 2. 71111. hm,
1111111111, a, ,111 mm, 1111 111-
1111 (11111. 111111) 3 11. 11111111 1111111 1111-
111111 1111111111, 1111111111 111111, 111111 111-
m 11 111111 11111111 1111111111, 1111111
tunnulis 111111 1111111111 1111111111, 111111
1111111111 1111111111 111111 111111111111 11111111,
1. 1. 111 11111111 11111111 11 1111111111 inon-
1111111,811. 1 70111.
uisum, 11., 11111 (11. 1111 gradisca,
111,111’ςι,111 1111111), SE. 11 187. 571. -
{jafi 17:²93& 1 519, 2. 11170. 553. 111.
RL‘rssrum. 111, 11111111 (11111, adj„
11111111 111. 1. 11111111 111111111111111
1111111111 111 11111111 1111111111, 1111.

’11111(-111,-11),1. 1., 111111 ,· 1) 1111 1111
spu« 11 11111 11111111 11111 qvi 1111 1111111,
11111 1111111 1111111111 111, qui loricis 11111,
(11111111, m 1 119, 2.- 1) 111111 1111
1111 guni 111111 111111, 1. 1. 11111111111
11111111, 11111111. em, SE. 1 706, 1, 1111
(111. 21111111111111 11111 1111. 1, 111111 11
11111111 adcommodat& 11111 nugi 1111111111
111111, 111. 11111, 111. 1259, 1,111.· 1111-
1111 1111111111, 11 111111 1111111 bauti (111
11111111. 1111111 11111111); 11.1111111,11111·
11111 1111, 111111111111111111111111111111-
1111 11111 nam guni, 1111 111111 1111111111
11111111 1111, SE. 1 628, 1. 1111111 1111
111111 prosa, SM 1221 1111111 11111 11111
111111 111111 111 1 258111111111111111111
1111111 11 111111 11111 tullian (111. 111111,
111 1 , 11 11 1111111 11111111 111111

1111

111 rejiciendi, 1111111111, 111111111111111,
Ama. ρ. 26 .- 11 11 11111 11111· 1111111 111
munuum. Part. 111. 11111111. 11., 111111,
1111111111 11111111111111111111,1’. Vn 15, 3.

ussi. 11, 1111, qui 1111 (1111. 1911111111
11111) t 11. ogis 1111. 11111111,1111111111, 111111
1111, 1111 auri, 111 1111111111, 811. 1 609, 2.
1111. 111. 1,, 1, 1. 11111, 1 (Ast 1111).
11 compos„ 1111111111, 1111111111.

111121, 11., 11111111, lupus, 11111 procureur,
6111. 39. SE. 1 58. - β) lupus, 811. 1
591, 2. - 2) 11111 1111111, 111119111111111,
111111111111 1111111111, 11. 111. 11. 17.

11 'rmum (-111,-11), 1111 1111111111
(11111,11111111),1111 aea: 1>eir 11 burg ok
1111 1111111111, ch. 7,- 11111. pau. 1111111111·-
111, 111111111111, 1111111111111111 1111111111,
11111 1111111 1111111 preest, 61111. 6.

1111111, 1., smum (1111, 11.,111),1.
331 11111111 1111 1111 111111, 1111. 73. Cf.
111111111111, 1111111111 11111111, M 22,111·.
gent. 7. 1111 1111. 1111. 1. 21 opp. loni

mr.

111111,1., 1111111 111111) ,ς 111111 11111 m
1111111111 1111111 1111111, 11111111. 151. -ψ
2) ma: brynju 1111111111 111111, 1111111,
11111111 111111 11111 11111111 111111 posce-lu
11111111 11111111, 111111111111111 111111), 68.
111. 15,· cs. 11111 11111 111.

1112211, 11. 11. hato. duplicato 11 braga·
1111111111 guni 111111, SE. 1 796, 1, 111111-
1111111 1111111111ρ11111111111 0111111,
1111111 1111111111 111111 11 1111111 Ι 11111-
latit 111 11111111, 1 11111111111111, 11 1111111·
111 1111111111, 11111111111111, vir, 1111111111·
1111 1111111111 1111 111111, 11111111 11111 1111111
111111, 811111. 1, 2, 1,· 111. 11.· 1111111111·
11111 vel. 111111111111111 1111111111.

11111111111111, 1112, 11111111 «leym
(111111, 11111), 8111111. 2, 5.

111111. 11., 1111, 11. 1111111, 1111 nahmi.
11 mm, adj„ ’ ,11.11111111111011111,
1111112. 1111. 30.

u 1111111111,11.,1.1111,1111,11.1.-
2) 1111111111 1111 mind· 1111111111 1111111
poem qenerosissimun, (11. 19.

uma, 11., pam, 1111111111.

uma, 111, 111. 1111111,ρ1. 1111115111·
dues 111111 guium· 111111 m 11111111, iu·

111, 1111111, 11. 161 11111111 1111111 1111·
111,1. ο. 11111111 1111111111ωὸ1 1111111 adversa
11111111, 111111 1111111111,81111111. 7, 5. -
2) 111111 1111111,11111111,111111111,·1111111.· 11111
1111111, 11111 1111111111, 11111111,61.77,· 11.
1111111111 11111111111111111 1111 111111· mins 1111
adcurate 11111111 11111111 11 111111 mco·
11111111, 1111120, 1,·11111111 1111111 1111
ut 11 11111111 111111 11 1111111111 pulchro
11111 (1111111111 111111 quere) 1111 1111111,
61. 231 111111 1-111 1111111111111 111111 111-
1111111, 1. 1. 111111 111111111111111. 11-
11111111 111111111111 celebrare, 1111111. 83
11111 111111 11111 111111111111111 1111111111 1111
1111111 111111 rarissimum 111, 1111111. 35,· 11·
1111111111 1111111 ort 1111111111 111111 111
1111111111 1111111 111111, SM 711, 3,· 111111-
11111111111111 1111111111111111111 matrico,
swa· 2, 1· ·““ 3) 11θ11111ρ11) mu? bau

 

