m

umgjtrt 7117717717, 71 cr 771 717, serpens
circumerrantes, 71777 7777777 ,,1177711 22. -
β) 71171, 77777777, 771, 77717177 817, 33, 1711
7171 11777 7 71771 17 1777777 77777717177,
71777· 7177711, 71677,

77717771,7,,77777, Vsp 74, 8111
776.-717,77 8Ε. 7549,3,· 7178177-
77777 s. 1777 ’0177777777, 1171711 257 77717
178771777711777777. 71-377771171,1’77.
38, 8Ε 17 488. 572.

istinc. ..,7777, 77. 7. 71717. (7 == 7)
71117777171177777777777777777,111777 7111177
1. 71.. 777777 7777177 71777777, 777777, 8Ε. 7
282, 2, 717117777777,

11711811, 7,,777777 711177711117,777177·
7777777777, 77717777, 8Ε. 1302, 3, 7117 777.
1177177171 7111777, 7777717 7771 priori 777-
7717, quasi 7777777177· 77177771111777, 711177,
7,,77771777 (3111777). 0717777771. 7177-
7777177 7771771777 777117- 711177, 777777 subjectus,
monticulus 77777777,7177777 777717 7711771777.

871808, 77 compositis 7171711177, 77777-
711177, 7771777777, 71777777177,·1777777. gonst-
71777777117777771717177171,177717),’.1.777 19,
ἱ 42711777, 71117 (1177. 176), 11777. 11717,ω

771.7717,177777,7117177,1771777,7777171777,

lmus, 7., 777777, 777. 52,· 71777. 7111117
717117 7717, 7771777 7777177777, 77777177 ss 7777-
171777 1717177777, 8111, 45, ’7777771717 77717 77777-
771 0, 7177777771, 777· 1777117777, 777 77177
71711, 1777777717 7777777777, 711711, amictus,
1111111, ,11.,“2ἰ”,.1.’·ῗ,’111”1,.1,ῗ”37
4,3(8Ε. 1398, 71,7771177717 71111,1’, 7
774, 7 7737771777· 7777 17777777 7717771177, 7777-
1777 71777717 accipitres 7777771777 7771717717 71111
111177 ntis, 77777777717,77777777,118. 7, 4
(811, 1 346, 11,· 1777 71711, 7777177 arcis,
771.,1177. 258, 3. 17 circumscriptione 77777777
nst! 771177 71117, 7777177 mun, 71777777,
8Ε. 7502, 4. 17 consp 7771777 77171711, 7717-
71711, 17171711, 1171771711, 777771111, megitodi,
1110711, ’7771771711 77111711, 17171711.

mm, 7, ,771177, 77777777 ’771177 cccc
m. 11111177111711111177117713171
71717717, 7111171711717, (7777171177 777771 7777777
77 7771777777 vocs 71711 accipi 7777777717
corporis, amictu, 771 7777717777 777 77117, 777-
777 77117777, 77. 7777. 1177177774 7177177 77-
spiciunt 771171777711777777 77777777 777777 77-
77717717, 1171. 11 239, 7117777 gutli 7171171177,
7777 17717771, 71771. 77 71177177, 1111. 77
473, 777. 777, gutli 777 7, 7677. 571, 77777177
suro 7777777177, 77777 7 717117, 771111, 711777,
7777717777

7777777717, 7.,
(71711, 117), 0711117.

mmmm, 77., 77777777 7777777777,7177777,
177777777777, (71711. 77717), 771777171177717
17717777 7777717777,8Ε.1328, 7.

summumst, 77., 07177 ’77177771 7777177777,
(77771ςὲ777, 7777777 771117 7171177717 trior,

07111881οΏ8, 77., 777777 017777, ΒΕ.
11 ¹⁵? (17 472, 7171Ιῶ177717), s 71711 71
teins.

87181088111717, 77., 77777177 7777177777,

77777 77 777717 17717171,

114 777

(71711, 77711111777777 771717117771117, ser-sss
71777177, 77777777 (8Ε. 1 214), 171117 0711-
7771117 7717,777717177777777,777,1711, 4.

777777777777,7.,7771. 77777777,
monstrum 7777177717, (71711, 7717117), 77777,
dc 11177777, 8Ε. 7308, 2.

7777771177, 7., ...777777 mas,
(71711, 17717777), 1111. 1472, 7.

717717771,7., 1717717 777777, 8Ε.
11483.,5661“,’1268,· 71777,’7.5
scribitur 7171117771, 71 777 777, 1777 7171117771,
1111 ’1711 ’11 ’11111111 ..1 11171 33¹2..
Quoad 77171777 11171117771’δ 77. 8711777 sss 177
07777 Soc. 877777,

7771777777,711.,777777177 7777777177,
(null, -77777717 7171171771 7717, 77771777 77 77777-
17177 spirans, F. 1 286, 77, 17777777 771
7777 1177177771717.

summu, 7.,17717777 7777777, 777·
7777771771711771711777177, 7777777, 7111. 36,

8711717817,77.,777177,777777177(71711.
717), 17717777117117717111177,177711777(7α·
81171177 317111. ...7,
verosimiliter 771, 777, Nm. 87117 (π 0777
8177777777), 77717777 7777777717.

7711171808, adj„ 7777171777 7771777777
(ῇ711, 777717 = 7777), 77 7777777177 71777777,
epist. 7777777777, 8Ε. 1 488, 2.

7777777777. ni, 177... mm, (7771,
77777), 8Ε. 7666, 7.

0718001888, 777,7177777177717’77, (717741,
77717), Bt. 2, 24.

mrim, 77., 1777177 (propr .J›.sst 771. 7.

711, sc 817117777117711, 7711117111

777711 a 711, cisterc), 8Ε. 15361Ν7177.

7177717 1777177, 87777771. 23, 8Ε. 1 420,

7, 777777, 77, 77.,77 777. 1777· nnsis

(1171774 77711771, 077. 9,· 71771, 71. nudum,
711208, 017. 20, 71717777. 129. Sigus

7177711, 1771178777777,1177177771777,81, 4. -

2) dictatus, 7771777 77777717117ῦ7717177·

1717777 7777777777, 717777 77717 proloqui, 717777

11117788177171817111

1717777 71177777, 7177717777777 7377777177,

11.28,·1771171777177777771777777717177-

777777,(171. 61,· 71771177 7177717 77777777 77-

777777, 017. 4.

’0778011108Η ,,,77 1777177, (7 77717 ,,777717)
7177777177771, 17717177, F. 11 250, 2
mm, 7, 777177 7777177777 7777717177,

8811621.

1171111, 7, 7777777777777, 7717777117-
cars 7777777777 77777777 8Ε. 1 156-758, qus·
77777 77777777 potest 7777777 77776717717·
uscos<- 21177177 ,117 33, 7,· 77177777 fian,
177777777177,17771’2,81’,·1171777177,ωῴ
litoralis, 77 1771771711771711 171771771771
171177 17117 ntra 717177, 8Ε. Ε. 238, 81777

111, 7777 7717777, 77777777, 77777177 717777-

“’7’7777177177, 8Ε. 7298, 7, 771 firs-

17111, 71777 7711177 1771117717, 7771777777777

1118111ῗώ88 .,... .,..

777,7,171.,67787777,77777777777177’1.78,

 

