pm

9116, ta. 91911, osae 91191.

1111066 (-1911,-11), 1119111,11119111111,
91111111, crescere: 16191611 1111111 111111-
scunt, SE. 1602, 2,· 1616ιῖ1611 911911 9111111,

ardet, 811111.13,· 11111161 1611 (1611911116,
1161111. 79; 1111, 91116 161161111,11111111
1191111116, 619. 9, 5( . 112089· 81111, 6,
15, 5,· 6111191191616111111111 11 fortuna 111-
1111, 06. 29,· 119111, 1111111111 911111 1119111,
61 1191 bellicoso, 11611161. 11,· 61 familia
11111111616112116111133
1119111111, (11111111 11 N„ 1. 51. 1111111116·
916161 911111 111 1916111 11111111, 111. 1111.
Ad. 10,1161 1111961161.
8191919981, 111,, namn (16. qu. 91611111),
9160616108, 1., tumultus, 111161, Am. 18,
ρνίρ1106161116960119 sulz-:ama 11111191186.
1579, 2 (016. 019. 1116161911 11 180
1911111915 11 561 1611111913 11 623
1111116191). - 2) accipiter, 86. 11 188571.
1116116116, 1., 111, 111191,· masc. 911111
1111111111111616. 12, 2(111. 016. 6111.),·
F. VH 196, 1,· VI 111, 1,· 11 323,· 119. 31,
1,· 169. 20, 1; 01111.82,1,·86. 1198, 3.
Nom. 11 911. 1119. 19116 vetem 911111 11
111111 111 obium,- 111. 91611, mum: 11111,·
6119911111, 1191111. 31, sed 91611, 861 668,
1, 9. 20, 1, confr. 16161, 161615 1111. 1111.
9111111, 9111111, 11611111 11111,· 111. 916111,
E. 1 622 (9111111, 016. 111111, 9111111, 016.
09111. 113 1, 1), 11919111, 86. 1 610, 1
(911111, 016. 1191. 11377, 2) ; 611. 91611111
86. 1 650, 1,· 9111, 911111, 81. 6, .- 1)
61 11119111 1161111 (1101611119 1111 i 911111
apprehendit 1111911111 1161111, 1191111. 31. -
2) 61 111 111911 (11)1Ι6111616)1 61 1116111
mam 116 1111111 91611 1111111111111111111116
111911 11111, 1. e. 11111 1119111 incussi 11-
numne, 1161161. 1,· 6111116611 1111611 11911
11 11111111 91611 11111 1111 circu 116111 clipei
1111911111 111111, 861 668,1, 11611191111119.
- 3) 61111 11111, 61 summa 11161 11111
1111911111 161161111119 1161 11191 inu 11
1111111091611 fluetus 111911 9111111 1116111
1111911 em 111111 (11 navem) ingeritur, 86.
1 198, 3,· 1691 11191 111 um 11111111 91611,
16, 01111. 82, 1,· 1111111111 91611 116 91911
11191 1111116 1111911111 11111 fremuit, 86.
1 616, 1,· 616611119161191611, F. 11 2233
191611, 11111111 1111111 111611 11 11161111
1119111111, 11111 1191111111, F. 11 111, 1,·
1111161 6111961 1111961111 (11119611, 016.
6111.) 91611 611111 (11111) 1119111111 1116111
1119111111 1111111611, 619. 20, 1,· 1111611
911111 111161 1111111111 11161111 1119111611,
fimo 11111, 81. 6, 1, 1161 9111111119 [1111
11111 1191911 belm, 1. e. 6111161111111(11111)
11 (11) 91611 1119111111 16111111, 11111111)
9199111111 1 ‘suble 1119911199 99111119 119911
11111 1111111111, . , ,· 1111
1661-9161119(016. 11111.) 111 16611 9161111·
11161 11111911, 11111111 1996111111 11111 66-
1161111111 11611111111111 1661916111 111111
111111 16 61111111 1111111111 1111161111, 119.
31,1.- 1)61111, 1119161111 terro, litore 1116

922

11

91611 1161111, meam-r 16 om 111611,
111, 111. 1111· 11. 11, 1,· 11911.
111111 16 11111 maris, 119191, 21, 2,· 116
1116119161, 111611 91611, id„ Y. 51,· 69161.
31,· 6111191161 1119 611111191611111611 11
litus ejecit, F. 111,136,2,· 119111661111111
1161111611916111 1. 6919161111 61111111 1111
111111 611111 1111111611(1111111 111111 1611),
86. 1 622, 1,· 11191 91111111 111, enyo·
1111111, 11161, fluctus: 19111 11191 11191
91611111 11611 und kjul 116111 (mis) 1116-
9111111 fluctus (111611) 1111 11111111, SE. 1

1111911116, 11, 11111111, 86. 591, 1,· 11
181 (911161, 11627,· 91611161, 11 568).

11611, s„ 1111111 (11.9. nm),
8611175 (1111 veniturum· 9. .- )
11161,11111111111.· 9191191 111161, 1111111111
1111111111, 6617, 1,· 19. 59,·
91191 1111111111 11911111, 11. 21 ,1.

11611,11.,1.91119, 1191. aaa„ ω.
111619191111.

1199666. 11111111616111161610,
Βὲ110616116(91111116.91619;11191.9161961,
91619611 sup. 91619111, 916191), 1191111111,
1166111, 111 arctum 119111, 91111111, 16. qt
91111911, 91191911, 1. 611111 111 911 161911
(11. 112191111911)911111 116111 “ ’,111
1111111 1111111111 1111911111 1 11 deductas 1111,
1. 1119, 3. Pras. 111).,91619119119161911;
jar! Ι111 191 11191 9161 111116 611191 d,
16111111 11 9111911116 111 jon-primu
1111111 [acie 11111 911111 1111911111 term
1116 9111111111 111111 1161911, 86. 1172,1.
11199, 161111 91111961 111161 1111161191111111
1111111111, 1111111 emeramni, 1111111,
3. - 3) 1119111, 9191191 11 11611 116111111611
91111111 111111, 0181161 180 (9111191,
F. 11 130,1111,.

F 1996111116111, 11. qu. 9119191116,

11161111,1.,,1 ur ‚pre-sa en-
611 (16. qu. praungvirJ: Eum-«11⁸1 elk ⁷
Gunnar 9111111 minor 9 1111111, 911611.
pugnator, 61. 11, 1.· 1. 11 m 1111 tm·
6191111111 est). - 2) 1111111111,611111 16-
versarius (16. qu. 9111119111, 9111919111),
861536 (11165 91919111,· 11 18 911191-
11·); svin .16111·1111”111811111111, m 1111-
11 icus, ,11 189.

nomm, 1., 111611, 911111 odinis,
919111 (91191 = 1111911, 1191)1 91191191·
111111 columina 9119111, 9191111111, 1111, 61-
111111, Rom. 21, 2.

tuom, 11, 0611 (quasi 1191111 191191,
””116·13’ 1161111111 1311.
11111. 12111111. a 111111 m·
tentione 6111111, 86. 1 86, 1,· 1)161 911961
11 161111(19911111111 sum) 11 1111116111,
0111. 191 9161 6161 1111111 061111, um.
111191 111 1661 616111 1111111 cadere, 911111
1111116111,1116.17,· 161111 11161 rehum
1111 06111, 11611111 161111 11161 91111911
0611111, 91111 119111, 1. 51, 11111 cu.
6111. 111611 1611119111. - 29111111 6111
66191, 11911 . 38 (16 61111), 161 11 11111.

 

,eberh χ

