71111

11111. 26. onitin 1. 1111 1111111,111111, 11.37,·
11111119111111111111,11111111, SE. 1 278, 1,·
11111111 11911 1111111 111111 vio 1111111111, 1. 1.
cama, 11191111, 1111. 2, 19. 11111. vega·
111111, Alma. 11. - 2) 11911, 91119111 1 9111
vega 111 1111 91119111 (9111111), 11111. 31,· 1
1111111111 119 91119111111111111, 711191. 18,· 111

1111111 11111111111111111111, 111111. 51. -
3) 7111 111111111νί91, 11 composa: 11111191,
11111191, 11111111, 11111191, 91911191, 9119-
1191, 91191191, 5151191, 111111111111191,
111111, 1111111191, 1111111111,1111111ς1.
vmn, 111. , 1111111, 9111111, 11111 911111111,·
91111191, 1111. 119, 119. 11, 1,· SE. 1 682,
1,· 1111. 293, 5 (9111, meh 11111111 1111111111,
F. X 21, 111. 2), 1111191, 1111. 25, 3,· 9191,
11111 11ςί fortuna, 11111111 destinata, 1111111-
11111 111. 111 1191. vm 111 111 9111111 11
lam, SE. 11 112, 2,· 1111111111 111 1111111111
111111 9111111, 1111. 293, 5,· tt vtg 111111 911
11111 1191111111, 11911, 1,· 1111911111 9111111,
quam, 11. 11, 1, ..1 ...11. 11. 1. 1.-
bel 1111 111, 1111.119,2,111111, 1111111-
111111· 91111111 1111111111 1111111111, 9111111111
1111111111 11111.
711611, 1192, 1111111111,ηὲ111, (1111111, 9111-
cens, 1111111 (vogin), 111111111911. 11111111.
vnum, 1111111111, 1111111. 11.-2)119111
11111 91191111, 119. 67, 1111111911 3.1. 91111.
1111. a 1111, 11111 1119. a, 11.
VEGRAEKINN, 11), 111111111111111, 9111111
1111111111(1191, 11111111), 11. 33.
VEGRAEKJANDI, 11., princeps 9111111111-
1111111 (1191, 1111111), 1111. 71, 2, 91111111
SE. 1 678, 21111111 vigmkjandi.
vssenssvfln, 11)Ἷ,11111·1111111. 711111. 1,
vertitur: 1111111 alacer (1111 1111, 11191 v.
11111 11111111 1111111111). Equidem 9111111111

11911911 111111 1111 ac 11911191, volt„ 8 (ς .

51), ὃς 111 1191 = 11111. 1191 1111911111,
711. 1 357,1111. 1).

7269111113, adj„ 11111111 111 loca 111111-
1211..1(11”11.’.1”1 1111111117
gazae, 111. 11 {man 'E 11111 282),· {³5⁹1
12511 11111. 55, 3. 71111 veggrimmr, vig-

11111111.
ε71111111111111, 11., 1111111 111 (1191,
1111111), 111 appell. 1111111111 11111191 11111
1191111111 1111111111, 11. 10, 1111 1119111
11111191.

71198, 911 111, 1111111, 91111. 111111,
11111111. 121.

7119811111, 11192, 911111111(1191,11111)1
1. 1111119911, 91111 9111111111 111, bellator
9111111111, 01. 12,· F. 711 92, 1 (1111166).

VEGSEMIJ, 1., bonor, 9111111 (1111111101
11 claritate 91111111, 711. 1 131, 1.
[1919211901 9111111, 1111111(11111111),

11. , ,

7119811111, adj„ 111 11111111191111111
(9Ἰό honoratus, 9111111111 (1111, 11111), SE.

visumst, 11., 111111111111111, 1111111
(1191, secr), 1111. 319, 3 (011.1“1111.),11. qu.
vegs 11111, 1. 1. 1191111 1111, F. Χ 125, 1. 1. 3,·
1111111911111 1111111 11111, 111.

7Ε88Κ30111, adj„ 111 9111111111 9111111111,

8110

m

9119111111 (1191, 1111111), 1111111111 mida:
191111. hominum, 1111. 61.

78118Κο11111, (ἱ, 111111110191111111),
111 1199111. (111, 1111111111 1. (1111111, 111111-
1111111 11111111 111111, mre. 111111. 8, 3.

1111111111, 1., scrinium em, edu
(vegr 1111, 11. 111111, 1111111 1119111191 119-
1111111 111 11111, 11111, 11. 18.

vssesmffln, 11., 111 9111111111 ubi,
111911111111, (1191, mbr), RS. 20 ,· 111 1191-
111111,1·’.1 218,· 111. 1 117.

71108111111111, 11. 91.. bonvm (1191,
111111)ε 1111 1111111111 11111111 11119111, ιι·
111111111111 concupiscere, 11111. 1, 52.

1111101111, 111, mm 1191111111, 2·-
9111111 (1191, 11111) Korn. 11,1,· 111. 228.

’1111111111 1., marratio oc· (mr,
11111), 1111111 111 (vest, 91111111. ((11 -1
1111 11111111).· 1111 1111111 111111 9111111 ςόδι
1191111111111 quando 11 11111 11111111, 11111. 50.

711ῦὲ711717, 1., 11111111, (11111. 28,· SM
130. 577, 3,· 11 180. 623 (1156311ῃ....);
qs. 111111111 viam 1111111111 (vest, 1111111).

mewa, (ἶ, 11111111,91111 aliquid 11111-
1111, jacitur, 1. 1. 1111111111 1111111 111 haben
(1111110111, tm: 1191111191111191111111,
1111111111·9“11111111111(1111111111), 111 caenu-
9191111111, SE. 1302.

7Ε11Ῐ17111111111,111., 9111 honora 1111111111
1191111111 (1111, 111111), 1 1111111911·όώ
11 contumelia α ieie.- νος 1111111111111151111
1111111111111 monticulam (9191111111) 111·
1111111111 afficiens, 11111,811. 1 292,1.

vac», 1., clementia 1119111 bockn ek
111111 111 11ςί clementiam 111 9111111 m 11-
111111, 1111111 111 9111111 9191111, 11111111 91911111,

11111111111,11.,111111111111, 1.. ’

1111111111,11111111111(1119ὖ, lausto: 11111 ved-duni
1111 11111111 1111111111 ((11111) 1111 poeta,
1111.16,· 1111111111 1111111111111, uu
91191111, 1116111· 11911111111111 giam·-
stipendiumne wacta, 011. 11, 1 (F. 17
51, 2). 7191111111, adv„ 11111 oleum:
111111Ἰ 1. 191111111119191111111, 111. 286, 1.

vm, 11., 71111, unus 11111111111111, (111-
111 01111111,· 111 1111911711, 1111. 26,- 119911-
11111171, SE. 1161 7. 3 (711 11 Velm-
11111111 1191111111,1“11. 11 1).

vm. 1111111, 11.· verbi 9111111111 uu,
111. 111 206 (9111, SE. 1192),· 111 m&
911 111 11111, 1111111. 9. 34,- 1111111 ern
111, 11 111 11 11119111, 11111 119111111119
1111111111111111 1111111111, m. 131.

vum (-1 -11111, -11), 11111111, 111111111
novere: 111101 11111 19111111111111111, miqu-
111, 119111. 25,· 1111111 11111111 fram 11111110
11911111111111111111111, 11911111. 36 ,· quibu 11111
το 111111 contractum 111 11 11111513 111111 11
1111111111 1111111 qm* 9111111 111111111911111,
11119111. 27, 1; 11101 111111 frehun 111 111
1111111111 111 11119111 1111111, 1111191111, Si. 28,
NF. 711151). .

1111111, 1., 11111111, 11111111 (veit-J:
11111111111 1111111 1119111, 1111111111, 01. 1311,
5OE 1118, 2).

 

