011

1101101. 31. 00 1101111 0110 011. 0. 82,11.
11 011. 111 1110-1, 111. 11101, 1111111.
ttokkr, 00001011 10001110, 1110100100 strophis
0018111αοἪῖιοῗῖ ξ 1211181000, 0011101 01011111,
11001111, 1111. 11311.

thor, 0., 00110 00111 0110 01 001101 0111·
1100111010 (01110 00110 1110010),101111101000111-
111 111 01111111, 11101 10 0011001, 111111 10
110110, 1101000010 000110 00110111 1011110010,
001 in 00110 00111 0110 0001011101 101· 10011
00011 111 0010 (10 00110, Cio. epist. 01 11010.
12, 15, nares 1001010100 010000100 10 00110
1111000) 00100110, 1100001. 157.

1101111101. 11, torm «011111, (1111,
011101), 00110 100010 0111000, siris, 0001011101,

111111111100111011, (1111,
1101100100, 01111), 1001100 0101100 01 00011-
0000 001 100111101ίο, SE. 1 131, 0110 11101.

onon, 010, 00110, (11111011 01111οἰ1111 1.,
00110 00100100, 00111, elassis, 011. 182, 2. -·
31) 0100011, 111101. 1, 25,· 01110110101110000,

110. , 7.

11011111, a. 0111, 1111111111 (1110)
001101, pet 01 1110011011. SE. 1 528. -
2) oiri, 10101001, 11. 1371, 2, 11011111. 11,
F. 1171, 1, 07. 13, 1, 00. 9,11011.1,1
811. 1 558, 2,· 1101010111νί 110111. 11111
1001110 01000100 010110, t. 35; 110110 011111,
11111, 000, 011. 1, SE. 1318, 3. 11101101·
1011011101. 0010011110οω, 000110010011 01000-
110, gigantes, SE. 1370, 1.

Fls 111, 01. , 11100, (11110) sine 01110.,·
111101 111110 111 1110011100 conjicere, 81. 5,
3,· 10110 111110 capessere 1110010, 11110001. 31,
10 00 11011111, 0111 ipse 0100011 01101 0100000
irridet, 1000 0010 00 1111111011, ne 1000000110
1110 00010100. 1110111111 111110, 0110101· 111010,
01011110, 0100000οί001 10 1110001 compellens,
110001. 11, 9. - 2) 1110100100, 001100110οε 10110
1111111 1110100100 persequi, 111. 111, 1, SE. 1
178, 3,· Vinio 111111 1001110100001001110011,
19. 29, 2011010101 111111 00000100100111101
sorta, 11,. 00, 1, 111. 111. 11, o, 11. oo,
1. 1110 10110110.

1101101111, 11].,11011 11111111,
(111111, 1111111), 1010001101 ,· 010 J. 01001111
10 11011157 10011 011. 200, 2. Optimo 1001110
0110111011011, 01110 prodit 00 001. 1001. 1101-
1111011111 (= 11111011111111), F. V 111,1101. 17.

morimonte, 0102, 11100111 detestans,
(111111, 1000010101111, 0010101110, 110. 9, 3.

0110, 1., ,1111101011 11111111 111
11111 10110,1011110 1111111101 excipiat, oportet,
11110010. 1100111111111111111 111 oleri. -
1))1110100, aquo, 0001. 21, 8112, 1, Ftt. 1
183, 2,· 111101 jero 110111 11111,11111110000
1111111211 1111111ῗῖ1111
199, 1. - γ) 10 1111011 son 1011,1111111“0
um 1011010101 101111, Ei. 1 2,· 11. 10 010-
0001000. 0000111010.Ι 0110 1111, 1111000 011100-
01101, 00001110, GS. 11,· 1111 00110. 11101011 001
1101101· 1010011οι, 10001111, 110. 33, 111111111-
1111, 1011111, 0111111. -2101000, 1111 191.
571, 2,· 1101101 1110111 1111 111000 10001001, 1111.
22,- 00111 homin 1111, 01, 1,· 1111

186 111

1101011111 1111111, 110. 21, 1,· 11110 11100, 010-
1110001001,11001“0, SE. 1 112, 2. 11 160, 3,·
0101,11.,1111 1 111, 2; gito 11110, prm
Mfflbgttnffinfiemlpw: gosp„ aquis 01-
01101111, 111Ι 1101100 1001001111, (1111, 11010),
‘''iioiiinij‘siss 11121801101011, hyn),
01101101, 1111111010 rou 10011011, 111. 11 252, 2.
1111111111, 1., ,ra-on nares, (1111,
11011), 0001110, 10010; 1.,111000111111, 10010
0100011111, 0001101 1110011110 01001110 1110010101.
10 00000110 0101110001· 110111 (1100. 111110.
271 , 111. 1 1.
11110011 = mm, Pico. 12.
nonullo, 0., costo, 01010010, (1111, 011),
10010, 1001101, mons: 11111110 00011, notio
1110111000, 01000100, stt. 1 298, 2.
1111010111, n, nur 11.. nme 011.
11189,01110 0000 11. 011. 01001111, 001101,
00110000 0000111110, 1110111001οω . 61 ,·
011111 est 11110111 00110000 1111011110, ’ ’ 12.
ibono 1511111100, 11001. 1111 0. 11010.

11. 0.
q 111110, 1. 11110. 1010001. ino. 001. 0. 111100,
001010 (110011101001. 001. 1110. et Wm,
SE. 1 311, 2,· 01. 0110.

1111110, 1., 0001110, SE. 1 570, 2,· 11. 011.
11110. 1100 oe 0010010010 10011110, 1111. 11122.

Faue, 1., 11 011. 110111, 00101110, conjectus
(mimz 01 fleg 110110, 10 0011100111 totorum,
in 000110, 011. 17, 1,· jorn nug, 00101110
10011100001,0110011, 0. 51,1111 subint. 000-
000. 1. - 2) 111001 tneor 1100011000110101
1110, 111101. 1, 19. 51, 11. 111 186, 2,· gtsyggr
110001.11.,811. 1, 7.

111110, 11., precipitium, 010110111ος 1111
111Ἔ1111..ἲ1ἵ.101111“1’,11. 111ῗὲ

11111001) 01 111 1111, 0111101000 101ἰο 0101,

01 pot kviktndi 11011· 0111 111, 01 01 geogr
10111 1111”, 11100 1100011110 00001 prerupto
altitudinis, 1111. 11231, quin 011001 11000111
101100 1110011110 profunditatis, 1111 Vide 01
1101010111.

FLUGA, 1., 011100ος 11. 0000 0010101000
0001001111,· 11100 000 00000111100010101 kim
11111111 monn 0·11, 10000001 111 01 alicujus
101010, i. 0 01001111 10000100 0110010111 1000-
0000, aliquem 01 1011011111 01110 pernicioso
0001110000, pros. Nj. 12,· 0110010001, 0111000·
operto 000 0101111000, 1. 0. perniciosis 001101·
1110 010110 0110001110 10 00010010, 111. 101,
3. ·- 2) 1111111 1, 5010001010101101110, 11.
10 0111110011 potueri, 001000001011101, 0101011·
110 insolenter. 11110000 1001ωο001001 potest
00111011 0001111 80000010, 1110111100. Rectius,
poto, 111ςο 11. 1. 001000. 01110101 1100, ss·
101111, 0110 0111111.

111101. μω.. 111. 0. moga, 111111, 1110
12, 01 11011. 1, 21, 100. 0100110, iugi tinguis
(pro nogenti 10 nont), it. 3. 01110. 00101.
soni. fligi, 0010111, 10. 9, 8 coo Fris.

rnuoesmuisn, 0., raptos« 100110 010-
010, (1110, 01101111), 11. 011 nogiomo,
SE. 1³23, 5. Sto 1111110 1101001011,οη-
Μΐὶαέἑὶάἔῆῐῖἷὶῗῗ 0 0000, 111 notam

 

