111

11111 111111 1111 1111111 11111111, 811. 20,
1,· 111111 1111 111111 1 11111 11111 lupo·
1111111111, 1. 1. 1111111111111111111 pavie,
811. 1178, 1,· 1111 mita gron 1111111111
samum 1111111111111111111111111111 91111-
11111 11111 (lupi), 11., SE. 1190, 3,· 1111111
111111 (111111) 11111 11111 1111111111, 1. e.
11111111, Nj. 21, 2, 1111111111 11111, quin
1111111111 11111111 11111 pro nj⁶ffi3 11111111
111111111111111111 1111111111, 1. 1. 11111111
1111111, 811. 1192, 1,· 11111 1111 1111111,
1. 1111111111 1111111111, 011. 5. ·- β) 11111
11111111 111111 1111111111, 1. 1. 11911111
facere, OT. 181, 1,· 81. 6, 1;1.1111111
einum 11 111111,1.1.1111111111111111,811.1,
50,· 11111 meki, 1111111111, 11111, 1111
1 1-11, 1. 1-11 111, 1. 1111111111 11111 1·1,11., 1.
11, 1,· 111111.16,1,· m, 6, 3,· F. 1’11 11, 111.
1111. 6,· 0111. 6, 2,· 111. 60, 2,· 111 11 11
foro 111111 111111 11111 1111 111111111111
1111111111 1111111111 11111111 11 11111191
89111 1111111111111111 rubefecit, i, 1. som
1111118911111 111111 1111111111, 1801 1.
teir 11 gunni, 1111111111 eggia- 1 1111111
hreni, 01.129,· orm, 2,· 11 11111111 11111
imm ou, 111.. 1, 2, 11 dicitur, murga
11111 henr 1111 11111ιί 11111 11111111 111111
11111111 1111911111 111111, 1. 1. 1111111 11111
111111 11111111, m 17, 3111111111.
781), 1181111111 11111111111, F. 111 03,·
11111 md 1 1111111111 11111, 81111. 7, 30, 6,·
1. 1·ι1 1111111 11111 11111111 sensim
(1111111) 1111111111111111, vulnerare 111111,
SE· 1608, 1,· 11111 111111111-11111 111111
11111 1 1111111111 111111 pugnatorum 11111-
11111 11111111 111 ferreis 1111111111, SE. 1
121, 1 ,· 1. 1111 clipeum tabefacere, paquara,
. 11. 111· 1, qam, 111111, 1,· 111
11111, 81111 7, 81,1. - γ) 11111 1111111111
1111111111, locum 111111 1111111111, 1. 1.
11119111 11111, prolium connium, 811. 2,
16,· 111111111111 1111 1111 111111 11111ιί
1111111 111 (1.1. 1111111111 11111 111) 1111111
111111111111, regem 111111 interfecerunt, F.
18,· 1. 11111111 1111111δί campum 1111111111
sanquine 11111111, OT. 13, 1,· 1111 hei&
11111 1111111 1111911111 1111111, 111 11119111
111111, 011. 18, 2,· 1. 111 promontoria (111·
111111) sanquine 1111111111, 011. 1, 3,· 1161
111111 1111111111111111111111111111111 (11111),
1. e. 1111111 sanquine 1111 11111 1111111111,
11111111111
111111 111111 1111 111 (11111111 sanquine)
11111 1111111111111111 11111 11111111 soret
1111111111 11111111 γαῖαν. 11 111111 γαῖαν
ipsum, pro 111111 1111111, 11. 18, 329,·
17, 391. - δ) 1.1-11 hus 11111111 em· 1111-
111111, 1. c. 11111 1111111111, 1111. 11 18,
2. - 111111. 111. , 11111111 1111111111111
1. 11111, 11111111, 11111111 cagia, 11111
bnis 1111111111 1111111111, 111111, preliator,
bellator, 11. 9. 16,· 111. 1,1,· 1111. 11, 3.
111 compositis: 111111111111, 1111111111111,
1111111116, 1111111111111, 111111111111.

Part. 1111, rabina 1111111111, 1111111111.

1. 1 111111 1111111111 sanquine, 611. 1,·
1. 11111. 11111111, 111111 1111111 111111-
mm, 11. 1111, 1,· 11. 111, 1,· 11111, 1,·

016 111 ’

111ιί1 11111 111111 11191111 1111111, sta· 22
111 conpone 1111111111, 1111111111, 1111-
111111, 1111111111.

monumen, 11. aba eam aaa·
1111111 (11111,Ιὶ11111), 11 0111111, m. 19,
1111 1111 111111 111 1111111 111111 1 sagn
11111 1 1111111111 1 1111111111 11111 Ι 1111-
11111111111111, quo 111 1111111111 1111111111
1111111111 11111111111111. sagn 111 1111·
11111111 1111111 1 11111111111111111 tim.
61. mjdklystngr.

11111, 11., ramnum-m mm:
11111 111 11111 11111111 11111 semema· 11

rubicunda 11111111, Korn. 8, 2,· 11 pum, ,

111118, 111 1111111111 11111 11 11111· nst·
afflant-8 11111 1111111111. me 111111.

11011, 1., 11 qu. 1111, mm 1111,
11111111. 1111111111, 1111111111111111 ot mip-
11111 111111 11111 1. 1. 1111 --· 1111· (11 =
1 == u).

11011, a, qm· 1111111, nasale 19111
1111111 1. 111111, 111111, 11111, 11111111111
111111 1111111111 111 1111111, 111111, dim,
1111111 11111111, preliator, 11111111, 011. n,
2,·11.1111,1;111.119,1,·11. 111 κιμ-
caia.- 1111111111, 1111111111, 11111111,8111·
11111, 1111111111, 1111111111, 1111111111, 1111-
111111, 1111111, 1111111111,11111111,1111111,
1111111111, 1111111111, 1111111111. - 2) μ’
111111, 11. ,11. 1111111, 1 111111 mm:
1Ῡ111ἑ1ἇ1 21. 11111111111111111111(11111111,

1111111111, a„ «11η ran-112· (11111
= 11111, 11111101 1. 11111 11111· dimna
11111111, 111111, 11111111111111111111111111
1111111 11,11111111,811. 1618, 1.

1110111 (111, 1111. 1111), mpero, 1111111,
dissolvere.- 1. 11111 rumpendo 11111111111111,
1111111 1111111, vulnerare, 1111. 15,· 11111

1111111111 11111 1111 rupendo 1111111111 1

vulnera, 1. 1. 1111111111 11111111 1111111,
SE. 1611, 2,· 1. 11111 11111111·1, Fa. 11,
1111111 1111 1111111 111· 1111111111 1111111111
111 11111 111111 111111 1-11 111111 11111

novumn 1111 1111 k 1. metim 111, 11 ,

11111 11 qu. 111111 (FF. 11 366 11111111
phrasis: 111111 11111 1 1110111 1111 mim),
111111 1111111111, 11119119111111 11 111-
1111 1111111111 111 11111 111 111. , 1111111 11.

qu gera 111111111111111111111, 11 11111111 ·

1111111, 111111 1111111111 [acm 11 pedm
11111111,· 111111 rum 1111111111 11111 ,w
clipeos amm, 11. 1,· 11111 111 mr·
1111111111 111111 m, 11. 111, 1,·
1111111111 11111 1111111οφ11 1111, F. m
0, 2,· 11111111. cum 111. 11111111, 1111111
gerb 11111111111111111111 111, F. 111237,
1. 11111111, 1. 1111111, pudo 1111111111.
11, 3,· 1. 11111 11111111 111111, 111. 17, 5,·
1. 111111 11111111 reconciliatam 11111111,
1111. 71,· 1.1111(ε1111)11111 1111111, 11
11. 111111 111, 811. 1 246,- flngnm 1111111
111111 11111 111111 111 111, 11 hm 11ρἱ
11. qu. 1111111111 1111111111 11111111 11111-
111111, 1111111111 11111, 01. 17. Phrati· 11111
111111 11111111 colmar, 11111111, bem.
1111111 nm 1111111111 a) 11 11 111111 nti·

 

