BV!

1111111111 11111111 1111111, F. 1X 256,11111
1111111111111111 1,.1171323, 01111.1.,108
11111 1111111 1111111111, 11.11’237,1111.,·
1111 1111111111 1111111 1111111111 expediat,
11,71’117,11111.1111,.· 111111111111111
11111111,011111,1.302. 2111111111111111111111
(quicunque) 11111111, 1111111111 1111111111 1111-
1111 11 1111111,1.1.1111 1111. 711111. 11
11111111,111.111111111”1,· 11111111 111111111
111,11121112111121111111,ῖοἕὶ
11 1111111111 111 111 11111111 111111 1111111111
111111 111111 sina, 1111111 11 1 11111 111,
11111, 111, 1. 11111111 1111111111 111 11111111
1111, 1111, 11111111 11111111, 311. 77 28,
11111111111111, 61171. 1 766,·111,1.11111..·
1111111 1111111 11 1111111111111111111, SE.
11 12,·111.1.11111,.·11111111111111 1111111 sem
11,.11111111,111111,11111.,111.11,111111..·
111111111111,Ν].70111.11.[1111..·111111111
1111, F. 11250,

112111110611111, 11, 111. 1111111111, (1.16,
111. F.

11111111ιο61, 11.,1111111 1111111 (111111,
1111), 11. 11111 1111111(111111)11“111111111-
11101111111111111 01111111),111111,111·111111,
set! 218, 2· 1:¹42 1. 11111111111,111111
11111111111111111111 0111111,
1111111111,[.,1111,11112111111111
11111 1 1111111 111,11111 111111111111 111111,11.
1111. 1911 30.
11111111,11.,11111,1111111;1111.1.,
171111. 13. 33, 111111. 52 (611. 3, 8J,· 111. 1.,
1111, 1111113. 31. 36, 6111, 5111613, 6),
1111.1.,111111, 6115316113, 0),111.11.,
11111, 11111118, 61111.11,1111,1.,11111111,1.
111 111111, 111, 1. 111111 1111111111 6111111111·-
eu, SE. 11 12, - β) 1111111111 11111111
1111111111 1111111111, 11111111, 11111111. 26, cf
1111111 11 1111111111-21111111111111111111,
eka-o.- 1111111111 1111111 eber-numm, 111111,
111 11111111 11111111 1111111, 111.32,111[11111
111111, 11111 1111111111.

1111111111, 11111111 adJ‘. 11 111111,,11111111,
6111, 1211111111, 11121
2. 712, 2, 11111111. 8. 31,· 11111. 16, Nih.
10· 111.1.111111.1111111,111 11111]111,1’11.
26,1’1111.11.18.23.17,61111. 8.11.20,
20.- -1J 1111111111) 111 1111111111 111
1111111 11111111 1111111111, 1.10,11111 111111·
11111111111111111111 1111111111111,31[,21,
1111 111 111111 1111111 1111 nene queque
111111, 111 1111111, 11 antecedentem 1111111111·
1111111,1111111111111111111111111111(1111-
111 11111), 1111. F. 1¹1 151, 1111111111,,1111111
11111 qumque 1111111111,1111. 63, 1, 1111111111
vnn 11111111 1111111111 (1111111111 11111111, de
11111111 1111111111), Am. 06. Cum 1111111111
11111111, 111111111111111111111111 11111111, 17111-
111 51. 55. 56, 1111111 111111,11.,11111111.
1315. 65,11111’11111111111111111111111111111,
1111.19;1,’111111111111111111,11111,
111111 1111111 111, 61111. 31, 111111 111111
1111 1121111111111 111111εὲ 17111111 6118111111
111111 11111 prelatorum 111111 1,111 111111 11111
1111111111.1170;111.1,1111111..·1111111

121 1111

111111 (1111111111) 1111111 1111111, 6111. 7.
Α1111.,1111111(1111,1,11111,,) 1111111 11111111-
11111 111111 11 11111111 1111111111 1111111111·
,1111111111111111131111111,1,1111. qu.
111111111(111,1.1111111,),11.1’1370717111.
111111 1111111111111111111,1111111 1111111111,
11111111,111111111.·11111111111111 1111111 1111111
1111111 1111111111 111111111111111111,2’11, 11 55,
1, 1111111 111111 1111111 111111 111 11 11111111
1111111111111111111, 111111 16,1 1111111
(11111)1111111 111 111111 (11111111) 11111111 1111-
111111111,1111,63,3,·11113012.- β)11

111111111111111111 111111 111111 uisque, 11111-
11111, 11, 111111 111111, 11., F. 71322, 2, 11111
11111, 11,,311, 1 712, 2,·1111111111111111111
11111111, 11111111, 37, 1111111 11111 1111111111
1111111111, 11. 11· ,1111 111111 1111111 die, 61111.
30,1111111 11111111 1111111111,111,211,
11111]11111111111111111,1111111111, 11111. 11.
23. 11, 61111. 8. 71. 20, 20 (1111111 111111
111 111111),1 1111111 111 quaquaversum,
21111, 78, 11111111 1111111 111 11111111 111111-
111,1127,111111111111111111111111111
111111111111111311111,102,--γ)11111111
11ἱ116111ῖ1.1·11211111121)126
2)11111,1111111111111111111,11111111 111111 1111111-
1111, 1111111111111Μ111811111111)1111111111ν

111111 111 1

71111111.31,11111·1111(111)1111111111, 011.
210, 2, s'E. 1668, 2,1111111111111 11112,
33.7670,1,1111111111111111111 1111
1111111,811. 1 712,2,·111111111111,11111
11111 111111 hoyn-01, 11111. 10,111111 11111111
mik 111111 111111111111111, 111, 26, 1111111
11111 11111, 111111. 50· 1111111 111 1111111111
111 gil( 1111 1111111111 1111111 1111111111 111111111-
111111 11111811· 1111111(1111111.11111,)
11 que 111111 11111,1”,1.11111 11111112, 07.
28,3.-3)1111,1)1111111111111111111111
11111 1111111111, 1111111116 111111111111111
111111, 111.0,·(111,111 11 111),11111111111
11111111111111111111, 31111111.11,·,111111
11111,-11111111111111 1111111111 1111 11
11111, 11,31,3,111111111111.1.1111111111,
11111 (egone 1111111111 111 11111, 6111, 7
7511111111111 11111111 1111 11111111, 111111
1111111111 1111111 1111111111,1111 1111 1111111,
11111111111111111111111111,111,23,1111
1111,1111111111111111111111111111111 11-
6211111111·6111111111
0111111110111 11111111611111111111111, 11717
3,1,111111111111,- 111111111111111111
11111111 111111 qudi' 11911111 11111111 1111111111
111, 111.13,1111111 1111111,111111 11111
111111,1111111111111111111111 1111111111 11111
(1111111111)1111111111111(11111111),1111-
11111,131,111111 111111 1111111111 1111 cujus
( 1111) 1111111111 111111111,1111111.117.-
β 1111,11111111111.·1111111111111111111
111111 11 1111, 111111111111111111 1111111111
111111 1111111, qud 111111 rem 11111111· 111111,
1111. 111. 701, 2,11111111111111111111“ 11111-
1111111. 311 111111 1111111111111111111,1“, V
150.- 1111 11111111 11111 1111,11111 1111111
111111 11111 111111111111 1111111111111111111
11 1111111111 111111 11111 11111111 1111111 111111

 

