m

111191111111, 991111ῗέ19119 91911111 9991419119111
ἓξὲξέἒξ, 19111111111(1911134941ΙΙ 61111
1

4881411146, 1., 91111111 1111111 (11,11.,
18199119)64 914111 1119111 111119 11111119 1111111,
ο , Ι

1188811, 11., 1111111111, 911911,1191111114111·
talemence 141111 um 111, 1111111, 14. 911. 111
111 um 11111-111 111 911 111111111411111111,
11111141. 1,· SE. 1496, 4, 1111111111 11141
1111111 11 1111111411 111 Ν1114111111111 41191111,
91111111 11111111 411111 1111111 11114111 111111
8111191111 1101111411 8116111911, - 2) 141.
19111 1111411111, 114 111141111111, 1111114. 1, 4,·
F. 111491. * 1) 111141111111 1111111, F.
1114ος 77, 1. 2, 88. 1496, 2.

11188811,114111111111111114111141111191111111
1911111111(181,) 811. 11494,;3 495, 3, 911
911 111 4111111 (1119111, 1114. 81, 1, 619111-
1111 111111111 1911111111ιίςί gjon 144111
111 1111111, 11111111911911111111 9111111111
1111,1111.1502,· 11.1119111.1111111111,811111.
8, 15,1111911.,9111111 1111111111 11911111, 1111111-
1111111 11119111111 4111119411.

9881114188, 1149, 111141111111 (11111,
’111111111111111111111ῗέ4ζὶῗὲ
11111 111 11114111191111111, 11111. 44.

8881864888, 11,, 1111111 111141111111
(11111, 911101 11111911 a 111 1191191 911-
1111111111111141111111111,91111141911991111111-
1111111191111111111191111 111) 11111,
941911911191111111111111 occidentalium lavato,
1.1,119111111,11111111 11114111111 19911111,
11111 111141111111, 1111111111 911.
1111111114

0881111, 11.,111111111,9119111111111114111
11111111111111(11111),119.11,·811.150,·
64,2,· 111111911111111111,111. 1314.

1111111,119,1111111111’11,1111·11111911.
9111,1111911.1111191111.(11111). Ν11111.,1111
111111, 111141,1111111411111,14111141111111,

1881811981),119.,1 111111111411111111
(11111,1114),11. 1 143,1(1111111,4),1. 1.
4119111,8111111111“11, 811111,1111111111,111111411,
0111411, 111. 614911 141.

8881884818, 111. 91, 91111111 1114111111-
ua occidentalia (11111, 11111), 11914, 16.

9881119811, 11., 1111111141111111, 1141
111111.

1111111111,1111,91111191,1111.1,·
F. 11159,2(1111),111111111. 59.

881,14.911.1111(1-11)1111, 119111
114. 11111111111111, 64141 74 (111. 1153,
1,1.11.

8814(-11,-111,-,11) 11141111111(1411)1
9111 111111 9111111 11111111 1 11911111 1111111
1111111111 (11111111911111 (19111) consecrato 111141-
(11111111, Gap. 52

1111114111, 11., aqu ,1111111111

911,1.(1-- tt) 1. 1111111111111111,111111111,
1111111111911111, 9111111111, 111, 119. 156. 61111.
111111, 1111111111.

1181111,11.,111411(1111,11., -gi 11191111
11141 1111 9111 111411 1111, 1141111. 27· 14
1181119111 111111 1111 1119111191 9114911111

812

m

111111111111111111,’1141α.102.-Υ1141
11411,Δ4.11,1111111111116.1’1111,911
111111, 14., 1141 114111.

9111111411, 111411 (111111, «91119914
911.11111·9111.1111411 (11111111 ooo-10· mteg-
11,11111911)9411.111111191(1111191). Fu„
1191,111111111 1119111111, quantumqua-
1111111111) 111111, 11411111. 121,· 19 cratin· 911
11111991, 11 11111 buggu 111411 m 111-
1111111· 111, 1111, 38. 411, 1111 mk} 1144
11111, 11411111. 75,· 1111111 11 1911911111,
11111 1111111111 11111111 41 1111111 11 1114111111
11111111, ’.111 ,1.
11111 11111111, 114 111411 111114,111111,49,6α.,
1111· 111· 11111111 1111 111411 1111 411111 pu,
11119111. 27, 1,* 2) 141., 1111119111, 14
1111911111 41141 111111,
11111,Α11.10; 11111 111911, en 1111111111

1111191111, 4111. 99,· 11 11 11141 191111 n& J

μίνὲἷῗῆῗῖ 2⁸⁰⁸ ofm⁸sffi⁵4L ’1111411
111111, 114291Η1111111, 115619111111111,11621),
vm 11111,111.,11111111 1111111111, SR!
470. 593, 1 (11485 1111111111 11 minin
11 5681111 11111, 11 627 ven-mimir).
vm 11111,11.,14.911.111111111,88.11485.
1111191191, 1119111111 111 11119111,
1. 1111111111,11111111,11111111, mmm,
1111111111, 1111111111, 1111111119 1191111111 111
1111111111, 11111. 9, 81111911 [om 11111
111 1111111111, 1111111111, 1111111111 {etim
116111181111. 111914119111, 9 ermion
2113111211 111, :tm
14.,111141(111111.191111,411, 191111 (Ham
28),191119.19111, 9111 1911111 (1141111. 94),
11419114111191111111 1911, 19111, 1119, ‚⁸⁶⁹
(11111111 11411111 19911111 91111 in Non.
11111119114,1..11111111191111111 9111411491
1111 111411 1111111119 AS. 11111,1.111111119114
(111141161111..48.848),·1111119.11111,1ιί1111,
1191111111 ni 3 91111. 11111111111, 1111111, lm· 1, 1.
VAE'I'NA, 14, 911. 11111, 911. 1.,· mn
1111911911411111111,11111111, 1111 mn 4111
...., .,. ,..
2¹¹0» V· Ι’1 1 1
1111111011,11111911111191),1111111111 om·
111111 11111. 11 111.11119.--1)111 111111, ,1)
11119 1114,9111491’1111.· 11111111911491111141, 181.
13823*1)1114111111111911ω11,11
1119111411 4111111111 111,1111 1111111, &aa
43.*2)111141111,11111.· 1149114111111
111 111141 11118111811111111.
vm, 11,, 11111111,· 9111. 111111,9111.1111;
1111912627 881823323824 1911
1141 [1111111111 1111,111.κ111111.1149’.,1111141,
1111111, 9111111. (11111. vetra· prevete, n
1115281, 18)
”VAE'HQ 11,, 1119114, 9111491111(14.9ι.1111,
).·11111111 seire, 88. 1382,
31)-2)111411141,111111111111411 91111111,
11411411111111, 1111111426. 28,· 1199111111
111111· 11111111 111411 11 bd-
4,15,· 11911 (11111) ek m· 111411 11-
11119111 (91111111), 119. 74, 3, stupa.
11111 (11111.) 1111111 111411 haim, 11111 41-
1111111,1111111.22;111.,111111111114119’111111-

 

1111191111411- 1

