808

111111), 8. 11316, 2. -4)111111111111111, 111
1111111411 1111111111 111111111111, 1111111111,
1111111411 (111 ocio. 1111114. 8, 57.- 1111 1111111
parilemm 41141111111111141).·411111·
1111111111, 111441· 11411 4111411111 1111141111, 111.
211 4414114144 louge* 1111111 4114111, 811. 1
819, 4,· 4111114114 414114111111, 88. 1 488,
4,· collino bergJorls 414441 vinde 1111114111
11411111111111411, 1. 4111111111 11411111 11111-
11141,88. 1 252, 2,· 11111411111111141111111, 1111.
73, 4111111111 14441· 11411 411111414411, 1111
(1111114111. 88. 1278, 4,· 4111141411 11141114,
88. 1 436, 3,· conum 1111111114 men 411114 (1,·
111111), 111111. 27,- 4111 11411 11144111 (4111),
Ay. (8111111 01111.),· 41 fervescente pocynu,
0111111 41411, 881428, 3,· 4141411111, 81411.
6, 9, 4,· 14111411141411 dolores 111111 1111111-
cercebant, 8111.38,· synd 114111 11411 111111
ejus 1111111111 (erupit), 8111. 5.

SVELLA (evelli, 1111111, 11111), 111111111-
1111, tumidum, 1111141111 reddere, 111111 111111.
1114. 4111111. 111 11111 111111 1111111111 port. 1111.
el 111141 -· 1) evellendi: 1111111141 11111114
4111149114111111(11111111111) 1111914111 reddere-
111,111111111111111111, 11111141111, 1. 1. proella·
11111,1111, 8417, 2,· qul 111111111111, 1111,
11111141 (proquam), 1141 414111111441, 1111111·
41141, 1114141418. ·- 4) 411141, turoldus,
1111111 1111414111 4111414411, 81111. 63, 1,·
11411 111141 111 4411111, 111 11111111 dolore 1111-
1141, 81111411. 1, 49,· 1111111111.,11111]11ι11,11111111,
4414441114 111414 1111111114111111111111, 1111
palene, 11111 111111111111, 111. 289.

8118111118, 114, 111111114111, turoldum 111·
1110111114, 1111111111 11441111141141· locum
eollllfl·‘ll;‚l;¹‚·:::::l.l;·⁸;.⁶.:llz:2

· 1 1 · o 1
111, 01. 4. 8141 composilae lgnevclllc, rog·
4111111. 1111144111Ιὶ1.

8118111111, adj„ 1111111411, 1111114111,·111111.·
1111411, amplus, spatiosus: svellt belli 111111
loeo, 11111111441181111101111111), 11111 ocei-
1111111111 1111111. port. paee. evellit, 1141
evelle, 11111111, 4.

1144441414, oo, ,1111111 roboracion
11111, 114401 14414411414. 91111111 1111114
1111411111) 11411111111,41111111, 119. 9.

81811114118111111,111111 111111(41111, 111-
441), 111 14111111, 811. 11 23, 2.

81811818, re, 0411, 14. 111. 8111111111
{gelule 1111111 indusium 0411111, lorica,
1111. 12.

svm, 31. prce. 144. 11141 41414, 111. 1.

svssme (11111, 41411, 111114), esurire:
414114 llll 11411111 111111 esuriebas sumeremus
11411111, 184. 63. Pers. pcrl. soltinn,
jejunos, 1411111111, Bk. 2, 44. 47; Gla. 40. -
2)11111,1111. 7,· 11111. 1, 7,· Bo. 2, 6. 60,·
impl. 1111111111, 01. 43,· 0111. 125,- 1114
41444411114, fucere 111 11111 1111111111 , 111·
11111111 111111, 811. 2, ll,- 0411. 3,· m!
258, 1,· 11271, 2. 8111111111. 1111111111,11111·
111111, 14111111111, 81. 3, 11 ‚· 114411. 1 23.

1111. 1.

svam (·11,14,1), 1141411111, 11111111.
11111411114, 411115 4111111· 4141141114, Am.
53. - 2) 1114111111 poem 11114 1111141 [a-

799 414

1111 11 11111111, 1. 1. nortem 141411111141
1141 consciscere, 09. 17.
Ρι8881ἕ11,11.,14. 111. 411144 (11111. 81144),

111. 2.

8141881111, 141, 81111111,111.111.411411111
s. 4111, 811316, 2,· 4111114114 1411111, 8.
11318, 1,· 3111111141· 411411, 8. 8119, 2.
Pron.. 11141111, 8. Χ 394 (81141). ·

8118114, 1., socrus: 11111111411111141111,
88. 11 491, 2. ‘'ll“ 11111 411114.

8841114 , 1., 11111111 111114 1111111 1114
11141111 socrus 41111111 morer 11111111, 881
538,· Am. 94,· e. 84111111, 8111111, 111111811-
4111, Nonne 11111111, 8813041 4. 811141,
Tellure, 1111111 141111, 81111 11141111, 88. 1
320. 1411119. 811411114; 8111141111, socer,
4111114, 1111111(4111114411, 1111111411, 41111·
111114141),11141114, 911111, 4141411111, 11111111.
Duo. 811111·- , (111111. 8141111111.

414111·4(11111,11111, 411111), 1111411111·
qul, polire, 11111111, 11. 111111 deterere, 111111
111. - 2) 11111114, vehementius 1111111,
occare, 111111 4111. (11141111. proe. 41, 4111111
4111111111)1 celin 11111111111111111 0111111
1111111111111111 illam 111111, 11441911, 89.
60, 3. 0111141411, 114114, overrun.

8144141111, 141, 414111), jurare. 8111·
111 1111141111 1111111111 4141, 811. 111393,
1111411111, 01111. 11 41ος 8111. 1. 46 ,· 11111,
8. Χ 396, pl. 111111, 8. Χ 416,· 41 evoro,
1111. 7, viole 8111. Vn 15, noe. 2.1; 414144,
811. 1 178,· F. ΧΙ 61, unde poso. 41414114,
F. VH 331, 1141 141111, 1114161 8. Vll
205,· supinum 414111, 114 serit, 8111 (4111
4141111141ιὶ 114141 1144 11111 11111141, 1111111
4111141 114111 1111111111 141111 111 1111111114 11111·
81111, 11 1141111 111111 lendil3 11 mox: 141
pl honum 111111 1411411 1 81141)111;1); 111111,
1111311. 8411111114 bees, 141111111-
ramus, 139. 55, 5,· 111114 sinor londreskrlni
(e‘. e. 11114 4141114), 1111141111111111111111·
11111 jurare, 111. 24, 1 (8. 8143). Pecu.¹
1111111 1111111111 4111111 (414114 4111) 1·111,
fidene 4111111 1111111 1441119111 jerejurando,
1111.16,· 8. Vn 205,· 4141411 11441, 0111. 31,-
41411111· 11441, 1111. 2, 17. 19.

8888114881, pore. 111, qe. a 111111,
111111141111, oravere, 1111111111 (41411),
1141 414141411114441. 111111 11411. 1114,
ῃ,08411811111811181111, 114, rapidum, 1111111441
mare (41411, noem: 411141 1., 1111111411-
1111111114. 1111·

o ⁸ 1 · 1 ·

SVElllllFlaAGB, 1., 1111111111111141411,
11414),11111111411111, 81. 44, 4.

8088818181111, .,4111111111411111141,114·
ἔξω( (41411, 1141411 1. 1444411111, 881

5 .

8181111111, 111, qul 9111111, 11111111, 111·
1111111111(111114)1 4. ecte 14141· cumulator
111111, 111, 881506, 1. 111111 nomm 8111111
(1141411),11 81111111 (1111 841111))1 41411.

8481181808, 811111. 5, 4, 2, 1111111111
respicere 14 sceninge, 14111. 5, 5, 5. 1111 11·
1141111111 1111 11114111, 1. 1. 1111111111, id. qu.
4111114111, convertur 111111, 11114141 111111
4111111, 1111111 concentus 1114111141, pesona.

 

