m

61 176116. 16116611, 1611661611 est, 66118.
1116116616, 61661611. 1. esse 6166111611.

amusium, 6.,611611, sm 579, 661.
1316116 6111616661.

GbAUMVARR, 61, 11. 66. 6111616611, pi·
666, SE. 1171.

GLAUMVINDR, 111, 6611166 11111616,11.
6661666νὶ6111 6. 611161 arsimus, 8811363.

(1111111281,6.1.,161166111661166616661,16
161611 , 1166611, crepare, 16616161 1111166111
ek 11 6166616 61 111, hve hon 111111 mik,
1111661611 mise· 111, 11161166 de eo 16661, 6116-
1116161116 666166 me 66616111, Α. 3. 066116-
1661 1616161616, 116661. 26.

omns pro 616111,161611166616, 16166-
tare, (61111) , 16111661 111 6166161111616111
611111 1161116661 11111166 16166161 (muneribus
611161), 811. 1 106, 1 ,· 611161 116166 meld
111 111111 16111, 6616 16166161, SE. 1392, 2
(1111611. 17); 1611166661 116 mun 11611611
61111, plerosque, 61616, 1116161, 11111611. 19,Ι
6111611166 6 seiles 11616616,116111. 1,11. 2,
2611616616.,1111 mun 611611 61616 1111161611
1111 efferet 1611116111 (116 6 me nuntianda),
Am. 76. 111 prosa, ek mun 61116 pist 1116116,
FB. 1 221 ,· 61116 11111611166 occasus 66111,

omnum, 1., sie 6616111116,(61111,
<stipor 6. (111111 summ, 811. 1 651, 2.

emmonem, 61, alens, supirans
666611, (6111611, resep: 6. 611161, equum
6ἓ6861ἑ111116666)66616666, preliator, 811. 1

, .

(1611111816211, 611.,161116616666116, 16-
66166, 1116111 111 16111616,(61111,166111), 816.
2211661111. 23, 3.

obeam, 6. 66111611.

ahena. m., 66666 Asterum, (66. 66161111-
dus. 61611, 611), 0111. 30, SE. 1 70. -
2) 11. 66. 8111611ιί, 66666 1161, SE. 1 181. -
3) 61666661166661 6. 661111, equus piram,
116616, SE. 1 656, 2,· 6. 116, id„ 111. 1
161, 1, 6116 61111611611, 616 1116611.

6611111,111.,16161, 1116116 ; de bibentibus,
61111. 7. 13,· 616161 116111 1166166611111
61616 rex 61166 polu hilares 161111, 811. 1
701, 1. 1616611161 61611 ok 16111, 1116116
61616661,11116611. 15,· 61611 1116111 161 16-
1611, 11116616. 56 16111 116 1616 persuasio 1611-

·616, 116.1,· 11. 1611116 1111111611 1616166111,
66611611, 1661161666, seu. 35. 1161161161
61611 verb 6611 1111111, 11161. 16. 116611.
61111 16111161 mer 616 61611 , 11111 1611116
11611 611,1611116 nors 11661, 01611. 1, 8111
700, 2. Pro 6161 1611111166 616116161611
616611 mines 1611 111 terram escenderunt,
881. - β) splendidus: 61116616611661611
16161111161111611,01.18, 611 1161 111 611161-
111 11166 111111 1 1111 1 1611111161 111 eptit-
161611, Ι 66111616116616 6161111161611
61611111611 116161 66111661 111 1166161 16116-
61161 splendide 61116116, 1111611. 5. -116611
666. .· 6. 1116611116 6616 16166, F. 11351. -
1) 6116 6666661161 1111161611, 1116161611,
1116161111, 161161111, 116616115 s't., 11666111,
61666111, 1166111, 16111.

mmmmm, 6., 661 6666 6611161,
(61111, 6.,1116), 66116 61661616. 661 6666

210

GM

116116 (1661) 66111161, 611, 1166. 35, 6 66116
61661, 16116 piraeo, 61616, 61116 6161111
61611, 66666 1116116, 116616.

8118888018, 11, 661 splendidas· 166
1111111, (61111, sensio: 6. 116611 1111611, 11.
66. uendit 116616 6161116666. 661 61666661
splendida 666611. 6. 66166661611116111) 6111111,
perliberalis, 811. 1106, 2, 611 16 6666611
casse 16616.

61198881118, se, 11611161 splendidus,
pel¹ 16616166116, SE. 162, 61118, (61111,

11611.

(1116818211101, F. V 171, 11666116 le'·
161161 611611, (61611, 11611) 3 6611611661 16111-
66 611 611111111116 61611 611161, anisi 666·
666 (1. 6161111111 66611 6111661111) cosso·
1661 (8616111111) repere, 11666116 libenter
obeuntem (11 rebus perendie 6116116661).
Posses! 6616 nors 111166 commode 11 6161·
1111611666611161661111611166, 61 116 61616
61 ipsum 166611 olam 86661661 1616111.
Quam 611166 1611611611 proposueram, 6.· 61616
611111611111, 6611611 611616 (666616) 6161116116,
66 nurse 1111161 plnres. Nonne 1666161661
6111111166111, 61. 111111116111

amman, 611, 6111166 1111611 661616,
(61611, 1611), 116. 30, 3,· sinc 66111. 6161-
1611. 1611116, 6116616116, 81611. 3, 6. 8, 2

(11111111, 6. 1111661616.

61811111,,11.,66166, SE. 11 562, 6. 616111.

GLEGuvan, 11, 116116 seras, adress ·

adsentior, (11. 66. 6116611661, 66. 6.), Ad. 1.

GLAEGHVARMA. 611.,111661., oculis pes-
116, 6611661116, palpebris 66111111, (61661ε
6161, 6611661166, reiteres, a 6161, 61 hveme),
661111. 16111161 hin 111111111661 hin 6166·
hveme, Fsk. 3, 2,· 611661 exempl. 1. 1. 16611
6161111616, 11.

omnum, 6.,16616 splendens, 1616116,
(616-, 66116. 61111 1161611),6616.· usheim
6661066161), 616161 116111, nares, 01. 13,
1, R! 170, 2, sed sec. 1661161166 1661611666,
6161111161 6666161611611 6611116611

01181111111ΜΑ, 6116661 6166116166.

(1118111,.1.,11. 66. 111611, 611666, terra. (g=:
k). 111 appellatione 6611, 88. 11 199, 3, side
11161611, 61. heymo, 11111.

Gemma, 11. 66 61616611, 166. cod
116116, SE. 1 108, var. 18.

GLEIPA (-i,·te), 6.11,6616116,116 61161161
sem 161116 11161 um 6.. m 11 1 , 2. Sic
111 prosa 116661. 261 166111, 11 hein skyldi
616161111116611161611, 611 661. 1111611 11661
66161.

6111211111. ee, 66111166, 666 16 Ferre·
61116161 161, 811198. 108-112. 116 11611-
61616111. 1116161111 11666, lupus 8611161, eide
hn 6616.

11118811, 111, 6161166,6161116186111, 811. 1
56,· 1611661661, 6661616111, 161, sm 3³⁰,-
6116116116, 11, SE. 1 310, 2.

emmenum, 611, 6166161661116666,
periculosus, 611. 3. - 2161166161, 666111-
166, 1661116661, (61661 1. 2, 16111).

GLEPJA (6116, 616616, 616611), 6. 6, 16·
pedire, 6611611666, 61116161116616616, 1616·
166161 6. 16111 , 1116616 1611161116,1116611161
61116616, 116111. 50111111· 616661 larissa sb-

 

