666.

66661666, f„ ...6. propr. 6....6.. 6.-
ἡ’161111611666, ...66166666 616·-
6116(661,1661666), SE. 11 331, 1. 115,1
’1110111111ιῖ1 1611116166, 666 66666, 6666 616.
6666666166 (16616 661116 166616 1116 61
66111, 11666. 1, 31 1ος plur„ 66611111 66116,
66 fera, 11111296. 2, 0666166166111,
colluvies, 66166 suum Ν666. 6611, 1616116,

1661611666 66616, 66661616. 16616616, 7166661).
861616 816. 5, 136- 7. 6116166661..

8110616118, 6666. 6661. 66661 666116 (66611,
666 66 11.

8011181011, 16., 66666 66116 (6616661106
61111666 61166 1611166 6., 66666 6661, 616, 6
661 61111666 skipa 161166, 661 616666 66616666
616, 661 666616, aurum, 06. 8.

som, 66, 66666, 8Ε. 11179, 16166.
661666 (661 6616, daga, 616.).

8011101111, 6., 6666 66116, 661666 (661,
6666116 6. 666666, 661666 (1. 6. 66166666, 16-
666666) semina, 66166166, 66611666 666666
6616666166, Tellus 66166166, 6666166, SE. ll
632, 1.

8011111, a, 66666, SE. 11 622, 666
661616.

66161111,.6.,6.666, SE. 1575, 2 ( 11 179
661666, 11 622 661666, 11 5631661666 66661166

661 . . ..

....1.,..., 666, 66. η 666, aa. qu.
6661616, 6661666 v.

110611, 6662, 66661666, 6666666, [6666.
01611 0. 11666666 (116. 6. 221 6. l. 1, 66
86. 15) 666666666166666666616 661. 0666.
0661106666, 66666166 666 descensum 66666 16
661666661666 666661661. (luo 1666 661616-
aar (06611. 69, 1) 66666166 666661. 116666

6 [omna 666 6666666666 661 66 6616661 16·
6616, 666 66 661661666616, 666 66616, 6666616,
8311111111οΝ11 (forle 6. pl, 66. 6 6616666,
166666661666, 661, 6666), 6666.1666166, 666616
661, 8Ε. 11192. 166616 71666116.

80111011, 6., 66666 66116, 666666 (661,
666), SE. 1691, 1.· 1 6., 16666666 6661611666.
816661. 7, 17 6666, 1 66166661, 16.

8011111801, 66, 6616666166 66116 (661,
6161661, 6 616616 6666161666 6. 6616666166
6661,616111666116, 6 6666161666661, 661 666616,
1111611611, 6. ql 66666. (66,
61616); 6166666666, 6616666166 616611, 666-
116166, 66116166, 66166 6666 (τ16666), unda
vulnerum , 6666616, 661 6166 66666661 666-
6616616, 1. 6. 16616 6666616616, 6166166, Fal 21
2, 666 66161666161116. 31, 1).

80181, 6., 66661666 6666111666, 8Ε. 1 518,
3,· 11 151, 2. 611 (11168 8661613 666 666-
6616611 552). 8616616116 661116 666611666-
nllsmlllsgllllelqsfi· llalll'Nl'rdmoeffoe 16 Ν666.,
81611192. Vide 166. 6666116111. 1166.

86161616 in 6666616 66661 in 116616 66-

66611, 7166661166.
0 80181111, 6., 66166666 66116 (661, 6116),
m 80181111ῗ71, 616 66116 , 6616666(661,

761

666

611106 6616111166 grum m 6611, 6666, 0161-
7111011811111611, 16., 666 66116, 6666 (661,
atinio: 6616111116 vim· 6661666 661, 616 166
061011110111, 66, 666166 66116, 6666 (661,
6116161, Ml. 15.

somam, 6166666116.

mmm), 6., 16616616666116, 661666
(661, 11616), 661616166 1661666 666 coll,
66666, flas. 10,· 6111116161116166, 16., SE. 1

sommo, 6., nomen 166616 6616 sinum
866616661611666. (166. 86166 661 861666,
116661), sa 11191· 86166666 6666 [retum
86166666, 116666. 19,1. 1116666 86166666161,
llxm 1. 7,· 122. 8166. 86166616, m

8019111011, 16., 6666666 66116, mlum
{⁸⁶¹⁹ vlam: sikliagrsllvlngsreaecoeti, 666
6. 95.

80611, 66.. 6666166 6661116666, SE. 1517,
1,· 11168. 611(11552.· 6611). “

sommus, adj. 166661, 6616 affectus,

1. 6. 6616 6616661666, 16. qu. 66116666166, 661·
166666 (661, 6163616666 6666166, 616666
61 66161116, 61666, [6666661661666166911.
1183, 3.
8011, 16. . uem (066. nom), 06166 80,
5, 611 666 ἷ61 666666 1666666666 6616 (666
6666 66 = 66 6666 66, quandoquidem 661,
quum 611,· (666 6666 (clm sem) 666661616-
6616 6616 ,,116’, 611”, 666 6666 611666 66666·
11166 6666661666, 6666666666 066166 66666661.
11666 forma 6666 confirmatur 611666 6166111
6666666616, F. 111352, 6616 661 66616 som
16666 661 quod 6. 227 161666611666666. Vide
1661666661. 66111. 6, 666 6.

8οΜ, (ern. adj. 66666. qu. 6.

80111 (666116, 666661. 6166666.),1666666.,
666666, eum 661. 6666, 6616 666616, 666 66661,
66. 6,· nuqua. 66, 6.

80111), 6., amnis, 16. qu. 66666 (οι-6),
SE. 11180.

66666, ..., fluum, 66. 1563, 2. 11 666.

80111, 16., 7666666 66616116 66666 6616616
1666666 6166666, 0. 39,· 66666 6166 66666 6ο6,
66666666 61166166 6666166666, Ν). 78, 1,·
16666, 66666, ornamentum: 116616 66661 66-
666 6166166666, 66 6166, 06. 67,- 6166166 66661
1161616661661111666, 616616 661, 06. 7. -
6) 6666661666 66661611, 666666, 666611666116,
Am. 92 (661 066. Fris. 661. 215, 31).

1 666666, .., mas, coa.wom.sss.1⁵⁵o,
66616.

18011611181, 666, 6166166666, 1661666616,
’111611111611611. worn
66. 1666, 6, quo 1... coa. 6... ..166
666616166666, 16., qu. 6.

somna, m., 16. qu. 6616666, 66116616
1661111666.Ι 666. 6. 6661661, ll. Vll 58, 1,
666. 1166116661.

801111, 66, 666666, 666 66611166 jaciuntur,
811. 1571, 13 11 621 (666111. 6166 lacuna 11
178. 561). - 2) 61666, SE. 1550,· 11 170
( 11 615, 61616, 11553166166666661166.. ,66)

 

