m

1511511111, 5511111, 5111 inme: 1ι preli·-
11115155511,88. 1 296, 1.

1155515115, adj, ,11 forestam
115551,151111,1115111111(115, 11111111),88.11
5511 35))5155 1115 11 5511, Fxl 311 2(ΔΒ.

mm, 111115.2,31,5151515ἱ111111115,155.
conjectum 11, 85555111 511185. 851ι11 708,

ι51..·-) 2) 55111. 5 1151, ιἰι 15111151.

1515111611, 551, 5551511111, 1511151551-
tium (1111111511111 51· honum, 15511. insu«,
51515511 15151515,1111’11111,111111 511, 8115111

1111151888,ιι.511511’1,5511ι111151151 (115,
1151515 511, 11511, 1151111511, FB. 11 315,1,
AS. 11551151, 8515185515.

11111111,51111.11111111111,1111.11111
,1115115511111111111111111551553,

5 5111.

11151111,11.,1115111,31111511,1.11
178. 560 620.

lm, ιι, 5111511111551. ι11515111511,
5115 1511115111
1151555551, 1511115121 1511154111511
1111 111151111111,511111111,1.11111,13,· 11155
111 511111,1155511.138,· spem 511155 5111-
515151151111911511111111111111
1,·-ι 115151 brachiis 51151115155515,111511555,
1155511,115,· 1151 5151151111 5155511, 51111115
111155,88.1102,5.16,·115115151,15,
115551.17,13,·1151111111,15,, 1111511511
11911115ιί115, 115111. 3, 1111511551, 11511,
5511 51111115 51551155,51551111ιι,88,1102

5.,·16 1151111511551111151151, amn mr-
151151115116115118515555401115 411.
88. 1 658, 2,· hanc· 11111 1151155151511
51551111 151115, 5111111111, 85. 28, 1.- -2) [5-
111115 (= 1111115111 55 5111555111 111 51555
11111151 11151 1 1111 1155 5511151 1111511151 551
1111511151 1511111151 11551 5155,1.ι. 10. -
3)15.511.1155115555111,88. 11187158.
570,·1151115151151151551111,511111111,1115.
20,· 51115 1115511151 15515515515111111151 515-
5111111, 5151115151, 1111,5111511151151·115ιι
5115551151, 115115, 5115 115111. 1551511151. 132
(51. ιιι ι, 51,-5115111151. -11 51111·-
55115, 15115, 1155111 1111515511 11511851· 11155511
dngt J'oedm 5511111 1115511115 51511151,1, ι.
5155115, 555155 temporum 1111 1151, 51 1115111·
1515111555, 88111981 1811291
1115111111111-011118151511,11,11.--5ιςι
1 1115111515 11511511 5111111 551511551511 1511115
511 55 11111511 111555, 5511 51 5151115155 15111
1515155511 115 xuni} 11551155, ιι 511 111151

15111551551155155115151, ok 55151 11515111 w

1111 15111).

mmmmm, ιιι, 5511555581 5111551
1111511 (11513 111515115111151115511151115111
55115111,51115151, 05. 11,515’1111111111111151

(511511)15155515115115,55115.
1151115115,·11., 5111 5551111 (1151111151)

1511515511151151· 5511111111 (115, 11111111), 111115-
nis bellator, F. 111131.

115111151,1.,11,51111111111.-
2111515151151,51111.,1111111 vaenue, 11511

525 1111

1551551111, 65ι11,51.15115.1”ι”111511.
5105810881165 551, subdolus, oculu, ab·

1111115111511511 wudu ιιι .1·. 1» ³
zue. 55585ἰῶ1158. θ61151551551811ιί11ιή,85

515155,115151551ι1,111111115,1111159ια1’5ι
15515111 5115111, 55, ι, ι.

1111111111,1151.,1111511(111,ι111),
5151 (111555, 511111. mudum,
ιιι11ι,5’. V305).

11511511,111.,1111111 15 [1511151151-

5115, 1551111151,855151. 6, 20 (811112,
30) (81180).

11111158, 1.1551,51111111(115151),1’1.
eopia 51111111 5155 111155 (511515111Εό-
55511185515551955515 Skuimin, 8 51

51888551801, ιι, dep· 1111151, dn
(111,111111,81511,35,1,
mutuom, 1151115555, 515511 auxili,
auxiliis 5511011111 (115, 511511), 08. 178, 1.

111(11,1151,115),11111115111,511151

5155511,· 511111 551.51115115,551151.·ιιιιι
1315 5111115151151 commis 11151, nuk

151111115111111115115111111115-
1151111,31115111,ι;1151111111
(551)515151551151,155ιιι1511555115ωιι-
5115111551, 68. 11 (cnm 555151, 61551
125,111 mc 511515) 111551 6155115110
ίιηιιοιιιιιάιι 1151, 615.11,ι51“115,5
5551151. 55111. 551.,1551515511515, 5151 ut
3515155111,511115111111111115
1111115111 1115115551 555, 55 unni 511 min
1115511511, 5515 oss 151111 ιι 5111 5111511
11111.5511Γ5511.Ι“551151115.215111511 15511
511115511111111151511.

ι 5352051115 (ι51,· ·,ιι) 1115151551, 1115115, 88.
155111,1ι,111111111(111511111151,

15,· 11111111,1155511115151551151111, μω
115. 25, 2,· 011111. 13, 2. 111 conpeta: 511·
115511,1111515115151,1115115511,15105151-·
2) 51551111, 881566, 1111176560. -·
3) 11111111, 88. 11170553.

11505111,ιι.,1511111,151111111,15.5ι11115ι1,
88. 11168. 551.

mox, ιι, 1551 115111 115511551ϋί15ᾱώ
551α515151115111,011.238,1,·5511051
115 5115515511, f. 11199115511551115·
15515511111111,511, 511511115115111·
1551,115ιιι, 1181. 5111511155111,55
1811111111111111111 1115151151, nr. 1

11101,1.,111111, 5115, 51551115 111111.
15081111,111.51.,1111,55ι111151;5116“1
115111 5511 menn, 11 ging- 515 mir ιιιιιι
aeis 5115551511151151111 interpretes 551111.
881530. 1115511515, viri, 5511111131 115111
5555111511511165,811111,5,5,1,·51119
11555111 1111111151 1515515, 8111. 20,· 55511551
111111,5111151511151115,111.15,13,·511
greti mimum 115111, 118. 33,· 851. 6111111
kind 55111551111111111,5511551.,55ι11115,1.5
10, 11551 1115511 55151111111151155ι1111715.
1311155111551511115511111151555115115·

1111111,Ιί5 11515 51115511111551 15111111
15111115511511111,35,·11.11111111,31111
8, 5, 1151511155511555555115115155111511,

 

