111

1111111, 111. 58. - 2) 1111131111 (11181)1

111811,111111,1111. 100.

svm (1118, 11118, 111611), urere, 111111-
1111, adurere, 1111611111, incendere: logi
11161 111, m. 5,· 1111111· 11161· 11111611, 88.
1506, 2,· 1111111 1111811111, 8. 8155, 1.
Part. pau. 1116111111111111111, 1116111111, 111.
cemus: 11161111 11111111 1111111111, 8111. 53,· 1
11181111 111111 11111111111111, 1111. 286, 1,·
1131 111111νί61111. -· 2) urere, 11 vulnere:
111 111811 1111111111 urunt, 3111111, 011. 193, 2,·
1111111111. 1111111161, 1111 31111, 1111111 11111,
81111. 105. 1111111111 1111111 inps. 111111,
111111111111111, 8. 811319, 1,· 1111111
1111111 lacerti 1111611111, 111. 56, 11 1111111111
11111. 11111111 1116.

numan, 11, 03111, 88.1 38, 111. 013.
1119.,1111 1118111, 11161111, 1116111.

svmmvm adj„ (11111111111(11161,
holm: 1181 11111 1116111111, 8. 1 165, 2.

11111111(-111,11),11111111, 1111111, 1111-
311ιῖ 3111161.) 01111. 1,· 011. 3, 10,· 88. 1

, .

8811101111, 11, 01111, 11. qu. 8116111, 88.
138,1161 cod. 1111. 81111111.

881811, adj„ 11. qn. 11111111, 1111111111 111111-
patur 111 syllaba 111611 1111111111. 1031 88.
1806,1. 1111111113111 1111161, 1111111181,
1111111161, 811181, 11611161.

88111111 (-1161,11), 11. 111. 11161,111·11·1.·
reibigall 1118111 1111111111 16111 11111 1111 111111
31111, (11111 per intestina, 111. 77. ’

8811111111, 111, 03111, 81111. 19, 88. 138.
86, 1,· 11 172. 556. 2) 9191111 81161111
11111, 11111. 11111111 111111, (11111111 Gaditanum,

8811101111, 111, 01111, 01111. 19,· 811. 1 86,
1. 81ος 11172. 556.

1119111111, 01111, 88. 11 172. 555.

88111818, 111, puto, 11111 1111 monstrator
(1118, 1., 11111111111,11’11), (111111. 111.
11181111111111. 88. 1 583, 1,· 11 565. 621
(11161111, 11 181).

880, 1111.,111, 11. 111. 111, ⁸⁰3 svo-sem,
11111, quam, 03. 65.

8808111, 13. qu. 111111, obdormiscere,
8111111111. 6.

1181, 1., mis, om. 1,· 1111 11.
128. 8111 11611111, propr. (111. adj. 111111,
[11911111. - 2) 111, 1111111. 1, 1111 11811,
01111. 38111. coa. 1109„ pro quo (111111. U
1188. 11111111 1111111111.

1111111. 1., 1111111111.. 1111111111,
88. 1 100, 2. Sepia· 818111, qen. 81111111,
8. 11 299,· 311, 1.

11111111, sn. 1111, 1, 111. 1111..
78781211881118, 1., 11 11111111111111, 8.

8801118111, 1., 01111, 11. 111. 81811111, 111.
1. —- 81111111 1111111111, clipeus, 1 81111111
1111,ρα111111111 0311111, 8111111111, 88. 1138,
2,· 81111111 11161 1111111110311111, mna,
111 119911 0111111, clipeus, ejus 1111111111,
8181111111Ὗ1811118111. 11111, 11
556 8811111)1 81811111 ewa, 11111, 11111· 031-
1111, Tellus, 111111, 88. 1 280, 1,· 118. 17,·
8181111 118111, 11, 818111111811111181, 1111-

801

1111

111 em, 1111111, 1118818111111811 117111,
tm 1111111111, 111-1111, cujus 1181111 1111,
sak. 20; 81811111 1111 1111111111 0111111, ” ’,
puina, 111111. 8, 2,· 81811111 18111131ιὶ1
0311111, 1119111, Restat& 8161111113ς1[011.
8111. 11. 1. 111111 1111111111 111 11111 1111111 111
:minis 5111111111, qen. 1. 1 11111111, 1111111,
11 1111111111 11, ora, 1111191 111111] paria 011111,
11111111, 111. 236, 2; 8181111111 1111181011·
1111, pum, 8111111111, 91131111, 8. 11311,
1 (111111. 16),· 8131(11·11111.·1111111,1111111,
1811111.

svm, 11, aare (1191111, 811. 1183, 2.

1801811, 131, 111(111,-111), 1111. 11.
81111111111111, F. 8318,· 811. 11 173.

1181110111, zm, pros-250, ,111
(111111), 111. 811. 1221, penui 111111 111
116 11111111 11111111 111 minen 05⁸5oe
111111

1111111111, 11, ,1111111- dauns
(11811,ςι1111)1 111111 18111 (111111) 1.,11-
11111111 11111111,11111111111, 8. 1 91, 2,· 01.
18. 2, a 1111111 111111 111111, pasus· w,
8111121811 8211128111..

1 ·1

(11·1111,ς1611)ε 8131111. 11111111 11111111,
11111111, 8. 81192, 1 (111. 1166) 111 811-
111 11811 passer 11111111, conus.

8801111, 11, avis 11111111 quo, 8811183,
(111111. 11111811111111. 8111-11111 ρυ-

111111 1111111111.

’ 1111111111 1111119111, 111111, per 1ι1111,

011. 18, 3. 111 conpos„- 111811811.
88111181, 1., 111111, torques 9111111111·
11111 1111111111, 13. qu. 111111, 11111111 v: 111111
81111 nympha 111111, (11111111, Korn. 19, 3.
8811111111, 1.,11111111111111, 9111 11118111
11111811· 11111, 116, 111111. capue, 88. 1670,
2,· 8. 111 218, 1,· 11313, 2 (8111, 8. 811
227,· 811. 11 256,· 111111 1111118161, 111116-
1111161).-· 2) 1111111, 011. 259, 1,· 1111811
111811 terra 1111111, caput, 1111. 32, 1161 11161
1111111111 11 1111811 11111111 91111111 11·
bran 111811111911111111 111161181161 111-
1111111111, (11111111, 88. 11 500, 3,· 1111611
111111111111111111, 1111111111, 31111111 '
1111. 81 (8. 81103, 2). - 3) eaput, 1.
96, 2.· grou 1111611 barba 11111111, aaa,
88. 11 500,1; 111181181111 (111111 eapitis,
1111111, 81111111. Pomm 1111111 mia 111
11111 11111 11111111 1111111111 113 1191111. 1. -
1) (111111 anchorarum e 11111 11111111, F. 11
17, 1,· 88. 1 630, 2(111·11., 8. u 521,1.1
2,· 523,1. 1. 3,· 111111118111111, 8. 8111
216,· 1111811111, 8111. 181, 1111811161, F.
81 117 ,· 8111 110,· 811111. 7, 53,· 1111811111,
8. 811 227. 352. 31111. 111111, 01118111,
11191111). - 5) 111111 emo (8111. 11111. 111.
11. 811. 31, 30), 1111111111, nperficioe tm
1111111111, 1111111111 (111. 111 gramm, 111611
118161), 1111111111(3111.111111); νηὶ
11111111, 1111111131 1111111, 8111180, 3, di.-
11111111 1111111 bertr, 111 11611116 11111 sm
1111111111111111.1.1., 811111 11. 1., 11 vu
Ι1818 111111. - 6) 81111611· 161111, 111111 111·
111111, 8191111111, 3111 11311111 811. 11 32,
2,111 111 11116111111111 1111191111 111 11.

qu. 1181111, quolenus Huni, 11 huga, 11111·
1111111111 11111, 111 1111111. ·

 

