114

111111, 641. 10. - 4) 111 conpositis: 11111411,
4111111411, 1111111411 1111111411, 1111111411, 1411-
111111, 11114411, 11114111.

smum, 1., 8111114, 11111111 14111114 8111111-
hordia 111 Nm, SE. 114921514111181414111·
14111111 8111114 1111111111, 11411, 1414. 491.
(111141Λ1 81111111, 11111111. 11111. 01111111. 66 ,·

11111 .

81011111, 11., 1111111114, 11441, 1141 11111-
1111141 1141111141ρί, 1111111141ρὶ. 111 prosa
ί(111111111111111111 ok 114111, 11. vm 448, 1. 1.
ο,91111111 1141111, SE. 1 78,· stu. p. 428.
1141111111, 111111 1411141111 1111111-
1111 (11411 3, 11111), 41 111111, 04ἒ1. 21.
ἔξω, 4111111111 11111 1111141111, F. 1 93.

eremmon, 1., m 11114
(111111, 41511), 8441411. 6, 37.

81011111, adj„ 9111141111, 11111111, 41
4111114141 111111, 11111 82. Prome 141111-
1111, 141111 1111141111, superbus, 61111. 1 556
(El. 1. 9), 11. 114111, 1414. 1. 1. 13 11 11. ll'
1622. - 2111444111 111114111111, 8141411.
’4141111144 1., 11. 14. 4111111111,
141141411111104 1111111

1 · 1 ·

810110οΜ1, 14. 111. 111141· 11111, 1141111111·
(111141-111111), Fun. 1, 1111111411 1111411411
111 1111111 11441111 11141 11111 11111111 411111.

810811, 1., 11111111, pl. 111111(11411111111ι),
SE. 1 310, 2- 3. Spem, 4111111114 11111111
1111111111,1111,88. 1 664, 2,· 11. 44 11111
‘nm 1141111111 1111441111· 41111 1191111, 011.
238, 3,· 1111 11. 44 411114 pertica, 011. 48,
1,· ben 11. 411114141111111114 111 4111114111
11111111, 01111. 13, 4,· 11111111111111111 111-
1411111 pertica vexillorum, F. 111311, 4.
,4441111 11 11111111 111111 41111111 11111111,
Fal„ 173, 2,·111111111111, 1111111-114111, F. 11
3121. l. 5,· 1111111-1111111, Sum. 151, 4. 2.
7141 4111111411.

81011, 11,11411,811. 1 574,1. 1. 4, 111111
411414, 1141111114 111111111111111. - 2) 1111·
14111·1..·,·.”·;;..··ἑ.’·1τ.;.;1;111

0 ς 1 1 0 ³
4411, 1111111 41111111 14411111111111111411111,
1111111 11141111 1111411 ,11111 141· 1111111141 um
111 1111111111 11111 14111 11141141 111 vega,
1141111141111 1 111111 11111 (luo 1111 111111
pulo 1111111411, 114111 11414111 1141141411,
111111141111111111, 1111 1111 1111 1114114-
11141111 11141414. 11. 11114. 11141. stop).

8101141111, adj„ propr. 1141114111 (1111
2),1111414.,11111111, 1111411411 ,· 1111111. 1111-
111,111441., 11111114, 1111114 1111111111 1111-
111 4111114111 1111111111411 11111111 1111,
An 14, 1111 11111111 proprius 1111 putatur:
capitalius 111111 1111411111. 1111.,11111111-
11111, 14., 11. 111841 1111 1111111 11111 1-11
1111111111 11114114 1111 111 11111111 11111 aliquo,

· 11. 11123,· ‘lngo 1111111111-11 111111, 11.

γ1811181118184, 1., 1111111111 11111111, 111111,

lm 319111 (mlv ⁰⁰9⁸· ”⁸932 1101114111.»

181 111

111. 111 7, 11111111 111111111111111141111111-
ωέ1111111111ἴήᾞ11, ἶῗ11.111111’,111111, 1114-
lime: 1111111441 114111 11111111· 1111111114-
111111 1111111411, 111 1114111111 volvebantur, 811.
1506,3; 11453, 6. 11 536, 7 11. 1. 444111111411,
1111411111 1111111. 1411. 1. styla, 1111111,
14. 111. 111111, 11114 41111111 0144. 1111. 141.
111 11. 19, 4111111111, 1111 11111 (-1, 11),
*1111111111111114 11. 11....

810114, 14. 111. 111111, 41111141141111111·
ιι111111111411111,111, proellw, 41111111 pra-
1411111 (11411, 14411111 1111111. 111111411111,
111111 111111411111111, 1111141. 39.

81088408801111, adj„ perquamvmu-
11111111111111111141...
gria, 11111111 11111 ’1144111114 (1161114114),
(8130ὲῖ014811. 11111111.,141411111111 (114 π,
11111111 11. 11111, lla. 83.

8101110118, 11., 1111111 1414114114, 61111.
56,ὁ1, aggilum 114111111111 111 114111111111
(8ῑ8108181148, 11. 11., 1119111111 111111
1141111111 (11411, lteri), 01111. 56,1 (1110,

p. 1111.

monem, 441, magnanimus (11411, -
ῗδὲῂ, 31. 15,- 411. 1 258, 2,· 41111111 114141,
11. .
8101101011, 1., 41111111 1111111111 (11411,
1111111. 1141511111, S . 1 710, 3.
mausona, 441, maguus, 11411411, 111·
11111 111411, 1141111 11111ρί11 1111111 11411411·
411 14111111, 111. 11 290, 4.
mammona, 1. 11.,1119111111 11111111
4111111, 11111111 41 1149111 44114141111111111111
ἳῗνοὲω (11411, heu-sagn), 07. 40, 1,· 111
1141111414, 1.,11,41,,14111141[11111,
hilma 111111. stlrlwgga, Fll. 11 138, 3.
8101111011θῆ, adj„ 914111111111111111111
(11411, 1411141111441141111 111 1141114131
1111111 111-11141, SE. 11 422, 6.
awannam, 441, 1141114, 1119111114
111·”1.’1.”’;.111ξ11“’”“,1.’.(111 ¹²:2²3&
· 1 · 1 ·1
wamma? perquam 111411 11411,
111), 414111. 11111111, 1. 11, ό . 87).
81011111, a, 14. 111. 111111,1111111,1141
4111111111.
81011111, 11., 11111114, SE. 11 489.
4141111111, snm. 7, 11, 7, 1111141114,
1111111 11411111, fruge 4 11441ςὶ, 1111111411·
11ςί 1111141144 11111 111 11131 11411111, 11411
1144111111 114114111111411111141 111111114-
mg! 141 ml 111111 11411111, 111 11111 11111111
41111.
swam, adj„ 9111111111, 1111111111,
1111111111 (11411, 1411), FB. 1 112, 2,· 811111.
4, 32, 3. Pras„ F. Vl 368 ,· 14. 1111. 1. 51
111111 11111111 114 1114 1111141141111441
1111111 11111141111 11111114111111 11111111,
11111 1 1111111110 ok 1111111111 1111111441

 

