, 4414

, 44494, 444141441144444491, immundam· 4414
corvi, 4444444 14444 4444494444, eruor, 118. 6, 1,·
444444 441 44144144 vendamus, 9444144, 419.
8 (8. 1 28, 2), 9444 m ιἰι 944444 49941-
14441444 ,,41114944, 4144444414 Vinw. - 2) 444
compositis intendere 44141444, 4. 4. valensi,
4419Ιί1444, 44194114, 4414444444, 44114444, 4441-
44114 (44194414, 94 ek 444 41144 munnam,
811. 11921. - J ιι 44144, 444 compositis
4444944441 41494441 4 Gallia 4444414444, 444144-
ductum, 4. e. 44144494, 4414999, 44144494·
(44114441, 8. 411 98, 225ς4414144141444, 8. 411
324,·4414144494, F. 111 75,· 4411444114, 8444.
4411441941444 adamantinus .

44144, 4., 4494,441’444(444441144·444
4994941144)·44444.44449., 4490444464.
544) 28 49444. 449. 33, 4491.4.,· 444 4 1. 9414444
441 9444. 44449. ιι 4414 2,· 444 44149444 41144, 449.
20,·1144αιιι.87,·1’4911.8,· 91444.,4,1144 411-
. 44, 484. 24,· 1194441. 34 (88. 144, 1),· 441-
44444 41114 44 semina 9494414, 88.1466,1.

44144, 4., vertebra, 4444444114444 [emur 41
erus animalium, 4444 44449444. 44414414,
4144494489 41. 44 4441444414, 4414444144, eide
4414494144, 4414, 4., 4144444414444414, renue,
444944 prom, 04491. maj. 44444. 4. 43,· 84494
4444414499 (4414 44441441) 4114414444 ok 94444
4ιί41144444.

4444480148, 44., 44444144 4441444444, 144.
232, 4, 9449444, 44414144 04414444444144, 041-
144 [4414144444 494494444144 (44144, 44114),
44444. 4414444494.

4484444888, 44., 4441411444 0411444444
(44144, 44414444),“ 4..4 44444444, 944444144449444414
41 ιιι-4444444, 1194441. 8,· 44414 9441441444 4414-
4144141144,.144149 en amhn, 44 4141444444 444, 811.

44144Μ81404, 44., 4444041114· (44144,
4444494), 8142, 64.

4441414148, 44., 91444444, 88. 11 476. 559,
944 )44114449ι·; 94 noea 4444444444 (4414,
44494

Vffiffiv'laflffu ,4144944 lun 0411444444 (44144,
441

Ι141444481814118,4,944144144444 4444414 Vatis·
(4414, -41414111, 0444. 6, 814. 178,· 44444.
444.11911441.9.776-7.

44444084, adv„ hauddubie, eene (41,
14444), 0. 34 (Si. 37,· 8. 4149),· 114 44·
414 4 4144 41144441 1444441494 4441444, 8414
75, 2 (94414444 Vennum 1144444444444, 44441444
84 4414.

41444488, adj, 49444444 4114414 4444 9444-
44444444 494444, 11444444. 10,· 941 ff! 4114114444
441 4944444 14494144 prebeas, aean-137.
Vide 4444444444 4414114.

4414811881,44.,4944(44144414444.,44444),
88. 1 594,1,· 11484. 568. 627.

4444841108, ιιι, 44441944114444,1. 4.
99444494(4414.4Ι, 444994), ,.,91444 4414444944, 0144.

on 4 44444444·

4414810811, 44., cerevisia (ι’. 41494444)
1114114141441111414114 morta-(z, 41111114 441ί
94444 prebere, 88. 1616, 1.

44141144οΒ, ιι., eruor 4444444444, sanquis
914444 effusus, eruor 4444441444 (4414, 41411),
044. 4,· Kree. 2.

444

4414

4444444444, J.. ,444 94444, innan qn.
811. 1568, 2,· 11 620 (11 560 44144419 11
477, 4414944404 4141. 4449.. 44414141411441,
9,· 444. 91444, 4 4414441444, Be. 4, 6,· eur
44144414 91444444, 89. 82, 1, 4444 mbr. 9444-
44444 44441444· 44444444 4414444144 (ε ³⁶¹· 4149,
v. 94444.),· 41144411 4414444444 stadius, 0. 4⁰,-
4444 4414444144 444494ιὶ4, 8. Vn 236, 4, 4.1.
3484414444). Puto 444 4499411444 44414941.
914444 9441444 anteriorem, 4 eum 44444
4114118442 &affl
1414444444 0114944444, 89. 9. 690, 4441. 5, 44.
84. Sem. T. 11949. 495, 4441. 47.

444.44144441)11,ιι.,1944·4449444(44444-
144ιί9 441 14414444, 44444404 4441444444· 44444
444444 1444444144 44494444 44444444 944144, 4449444
91444444, 4441444 444444 444444 14444444441-
4994449 9449444144, bellator, 119. 20, 4(4“. 1

4414884144, 4., :enisa 4444941444, m
(44414, 44441). Aguntur 4414444144· 44944914 444-
4414, 44444449,4 9.

4414118441, 4, 444 eze cadaveribueu-
44414 (4414, 44411). 44444444 4441444544 depes
44 hamathaeum, 044. 38.

4414884181, 44., 44441444 eadam, m·
94444 (44414, brekiJ· 44144414 1144 hue· 444·
94444444, 14441. 2, 70.

4414881Κ,4, 4449 4444144414 (441 inune,
44114). 4414414 49941 144414 0444444, dim,
41114 4994 4414411444 1449444 414944, 94944144,
ιἰι 4149444 44444444, 11. 24.

4414880008, 44., 4444414444 emen-u, 441
49444414 04411444, 9144444, 1414, baete (4414,

44144, 4444404 ern 4411444444 stream 44 .

14144 1444144444 (ε pros. 4494411444, 4194·
4144414),88. 1 696, 2.

44444444, J, 44. q.. 4444444, 44 ι ιιι, ‘

4.1. 3.

44148488, 44., 1444444444 9444444 441 444-
deum 0411444444 (vel 44414444, 44444144, tm),
88.11493,·444144414999,1144444.2,2,·ιι·
149.,4 4. 499144 44944 0444444, 14144, 88 11
424, 3, 4414144444, 8141. 1 73, 4441. 44.

44444444, J, ιι. qu. 4444444, 444 ,

114141), ιι. ,4444444144 44449 erim.- 44944414
141444· emunitionem, 88. 1 644, 2,·
8.,,·11533 44414444449444444 0444444, 44
4414944444 04144444, 8. 1152, 3, 44444. 11989.
3. Phar.. 41114 94144444, auctoritas: 14411441
4444 une ιιιιι,4 m! ιι (44444 Am·
144144 94 4444414414 1144441444444, 4444. .9. 31).

-JJ 44 4494441414 41 me 4944449444, 04
29, 4414444144, 44141 4444444444 retinere, 04.
51. 8.·-4191414, 4414444444 444194414414
e·m 44141 4-44 1444444444 44419444· 444 4149,

incusare 944444, 11449444. 13, 5.- -444494444,

44. 944 4414144 4. 44414144 4441444144 4494444444,
44414444, und 44144 m moldreks subm 4414, 44
49419811. 1516, 4,· 44141 4444444144144441
44444144· 44144’ emperie-J 4414, 88. 1240, 4,
44444144, dal„ 44941444144444, adj. 844 pu..
011. e. 59, 9414144411 4414 (44944444) 8414·
1444444494, 4144444 14414 84444 14411 4411441
4414444444)11441.114944404444.4944414,9

 

