111

1, 111 11111 1111111ίωί, vincutum 11111111,
11111111, 111 11 8111. 1 108. 7111 composa,
11111111, 1111111111, 1111111113 1111 formam
111111. ·- 2) annulus: 11111111111111111-
111111, 111· (pro pronomine: 111) , 11111. 12.
1111 1111111111 1111111111 1111111 opes s.
11111111 1111111 (1111111 , 1111111111 opes 1.
11111111 111111 (1111111 , 11111111. - 3) 111111
861 571, 2, 111. cos. Worsss. (11111 1111111111
111 011. Rem prope 1111111 86. 11 622,
1111111111 11111111 11 111111 (1. 1. vemt)
111111 1117911115 1562111111. 111111, 6.
Vs! 78, construendum 11111111 11111111ίωί
11111, ls'qssor prelii, 111 111111 effusus, 1111-

11, 111111 16111111111111111191111111, smus.
’1111 6111. 111. 210, 1111111111. 1. 11111
111111· 11111111 11 inversu 111111. 11111111,

11111 11111191111111 111 hirti 1111111111
111111 111 11111111, 1111111111111111 strepitum
1111’11111’”ἓῖ11111118’111ᾎῖ111

111 11111111 1118111 11111118
5) 11111, (ἱ,111111111111., gemini, gjsrsimi,
seminatione.

8111111, 11., 111, 11. 111. 11111 1, 8111
587, 2,· 11 625 (11 183. 566 11111111). - 2)
squas. 86. 11 187. 571, 11. 1111111111.

8111111, 1111, 11111111 11 1111111111, 111
loeo vetutissimo 69. 57, 1, assentior 0.
leysos, 1111111111 111111111,1111(1111,11111111
1211· ’11111211 ’11111ῖῖ 1111112111
1111111111 11111.- ami 11 11111 11111111111111
1111 111, ss· 1111111111111111111111111111-
escasque 1111 1111111111111111 11111111ρί111,

11 11111 11111111 (1.1. 11111111111111111111

(11111111) 11111111111111111.

811111, 11. 11. 1111111, filum (11. 1111111),
1111 composa, 1111111111, 6111111111, 1111111111
aee. 11111 11111111111111. 1, 3,· sk. 2, 11.

11 1111, (.,1111111 11111,811. 1552, 2,
11 171. 551. 615; 111111. 1, 68, (111111111111
n. 1111111111, 1 1111111,11111111, extruso v,
11. 11111111. 2111111111, qssa 111 1111111111
1111111111, 86. 1 56.

8111111111, 11.,111, 86. 1 587, 2,· 11 183.
620 (11 566 1111111111 cernitur... 111), 11.
111111. 0111)·.1111111,1.11)1., 1111111111611
(1111111111), 111111, 81 ,· 1111111111111111
9111111111.

818, ὣ, 111111,· 1111111111 11111 1111-
mm, 111151 11111 sinas· 111111 11111111,
811111. 1, 13, 5.-2) pessis, 11111111 1111111,
(11111. 80, 1.

8111, 1111, qen. pron. 11111,Ι 111. 111, 111.
uls. - 1) 1111 1111111111, 011. 17, 3, 111111
tvm hstrlrtvsggio 1115111111111111111111111

osto 1111111111 1111 facultatem, 11. utrisque
1111 111111111111111111; qus 1111 1111.
Y. 1’ 111 111 111 11111 sinn 1111111111,
111. 11111. 1. 611111 .28. 617. 81111111
111111 1111111,· 111 111111, 791 11111111 sissi
enm 1111 rossan 111(11.111) 1111 satum
11. μοι, F. X! 911 st [111111111111111
(t. 1. mni 111 1161) 111 11111111 1161 statuere
1111111, 111. 11111111, (11111111, 1111111. -· 1)
111, usses, (111 atiquo 11111 prou. possessivi

111

m

11111,1. 1. meh flngri 1111, 1 1. 1111111, 1111.
16,· 116111111111, 1. 1. 11111, 011111.51,·
upp yfls· 1111111 1111, s‘. ι. sinui, 81111111. 6,
21,· 111111 111 1111111111, 11. sinn 1111111, 1111.
92, 16, us metrum 111111111111111111
11.·1.’.111»..’ἰ.;..··,ε.··.·.·11,·.·1;
11. 811. V! 265, 1111. 1, 11. 111111 2. - 2)
111 sihi: geta 1111111· conciliare, 11111111. 1.
8,· 11111111161116111, 1111111. 26,· lsyggr
111· 1111 vera 111ιί 11111111111111111111111111
1111, 1111111. 21,· 111111111111111 1111111111
1161 91111111111111111111, 1. s. 11111111111111
(1111111 voracitate} morbum 1111 1111111111,Ι
1111111. 201 bers 111 1 1111111111 (1. 1 1
1111611111 111) 111111111111111, 9111111, Vsp.
59, 111 111111 (11111111, 1 11111 1111111111
111, 111 111111 1111111111 quid, SE. 311, 1111. 1,
13 ,· 11111 1111111111 1111611111. 11. 22,·
GM. 11300,· 1111, 1111111111 sss sinn 1111 “
solus, 1111111190,· 11111 111, 111 1111, 111. 11
252, 1. 1.1,· 11111161 1111111,11111111 ap-
paravit, 11111111. 21.-3) 111, 111.,11.· 611ςὶ
111 111 nanu 1115 11111111 equo 1111111 ss
1111111111, 8111111. 2, 10, 1111 111 111 11111111,
1115111111, solus. 811 sepe 1111111111·
111111 1111111111 1111111 1111, s. 1. 11111 111 111,
under 111 111111 eg mig 51 1 1111111 111111,-
11011111. 81111111 111, 1 111611111111111111
1111 11111 compactos humeros 1111, 811. 1
291, 3, 11111 mik.

818811 81118 Ν, 1111111 animalium 1111111111
gan, 1111111),1111111 1111111111, 811. 6, 1 (11.

11 216, 2,· 311, 2), 11111. skip, 11111111
11)·111, 111. 15ος 0111. 111 8, 11111113.
1 . 15. “
28111116, 1., susa 11 1111111111 6111111111,
ἕ8181111, 11., scoria (811112), 11. 1111111111,
1111111111 11111 ss. 1111111111 (191111) maris,
11111111, 1111111 11111 1111111 [ractores 11111,
1118111111ξί1 1111111111. 1111,
m 111313.

smum, 11., nomen 111111, 86. 13101 m
11 110,· 8111111111 911111111111, Vsp. 33.
- 2) 1111111111 11111111111111111, 111 11111, 2
86. 1 198. - 3)1.11.11.11111. 1611111116,
11., 11111, 11. 111111111111 11111,111111111111111
eoe 86. 11111111011111, 11111. 1111111.
p. 696. Fundus 1111111 vocabuli 11111 111111
11186. 11191, 111 111 1111111111. sapidum.-
steiqn, sindrsseinn.

81161816188, 11.,111111111111, 1111111111
11 1111111111 11 11111111111119111 cersonam,
86, 1 261, 268, 1, 1111111. Mys».

8181111181), f.. proprii 1111111111 studim,
11111111 (sin, pron. 1111111, gisnes), 111111
311111111111111011 1151111
1111 forma 1111111111 111111.,’ 11111111, 11111
p. 669. 11). 1111111111 11611 111. 111111,
6. 111 361 (1111111. 111. 293, 3) 11111111
OEWQQMMMMMm
1. 1,· qus (1111111116 11111. 1111. risa Ljoss‘
Vaumss 1. 1, 111 sinna 1111111011· 111-
ι)1111111);1111ς)111 11 gum, s'. e. 111111 11
g„ FR. 11126.

(⁴⁵³)

 

