tum

611111, 11,, 11111 111, ,9111)
611111 111- -2) 1111111 11119 511111 11
1111111,111.2ο,11111119111111111·

1113111 11111, 1. 1. 91116111, 7. 7573355

1111,111.,111111111111111,1119111111111,

.,2 59) 1111191151.
0066156611111μω11 11119111, 11911·
ἢ’3733511316353133113159, ,mazzanum 11111111 (5
11111), 333' 12, 6111. 1121, 2,· 111
m0m3,3.

11161111... 1111111111.-
1... (1 111) 11 11111619. 212111
15333 1911919111,1131171111191111.
3333.’”335033330353310332
11,11111,11121,1(11161.21,191.
)166111)) 5191 6916311111 5111111111(611·
1111111),01.321,1.

01101155. (.,1111011 9911111,1111’91111’1,,11·
1161111111 991111119651111 3-3333·
1511111111 11111111 111111 1191111111111611,
1111111111 1111, 11111111 1115111,1119111
1161 1191111111111111111,

1. 1111211) m 353 mm

911111,1,111111(1,1111),11 33.
2011155051 119,1·1111·111 (6,(91311161)1
11111111, 15116111, 66. 55635 sak 37
(1111111111. 551511).

00015.11.,111111111 11911119 1119 111111-
1111ό g ὁ1199911191 efficax (6111911 ὥκίθ (39.

inco-333

1333905635ξῇ, Lm 11111111( (6. 1511111)1
6911115 kern 33333333 11111111 11111111 plenum,
2111611...

011), 5116. ’33

',1333033.13;33 111,11115111111, 3'3333333333
(6,(91115191)16911131961911116111661111111
1111111111, 171 316, 3,· 19111159 t 333 119111
ιιιι33335637356333) 3111311111, 1111111 (1111111
(1, 11111· ,1.19111111 1.’,212

0 05575· ,.,( 1111111111111, 1111111111, 1111-
1111(1,))1111),119119611111111.
191111, 1.,, 111111, 11. 1112 (11. 33
550) 631111) 55 567, 611111) 55 613, 11111).

31333333333. 11, 911111911111 (6, hyram:

111111 911 951111 1111 parcit, 1111111111
911111, 66. 5 530, 5, 1111 1111111111 6.

511 5119 11191 516111 11111 luporum 111111-
3333. 111911 1111111111.

00651,11.,)’111111111111,711559911111111
1116111, 1111111 2 pl 5315911911 11111
9111111 11111111, '¹3- 57, 9(7. 126, 1),·
33333'333333‘3333, 3'333953 9111111,159125,1.-
2)11.911.131111191111111111111111111,11.
333'333333 1515 61111 3333'33333 11511111111,061.
26) 1191.. 1611.

6111111111·,1., ,11 jum 11111111
«5191119111611116315 9111111111 6111101111,
111191 11111).- 1. 51191 9111111111· 1111151,
111, 61. 59, 33

3333333333333. 3. ,1., 1111 11111111
(11111191), 559. 9,·5, (1311119111) 3²3¹ 206).

1111111111,- 9, ,111 ,1111119111

11111 333333333'33333 (3,

'3333

111111111111111111),Μ 53) 66 5
555 1.,,169 196591569161911. 33.
6111111111,19,111111111111
(1315, 15111) «1113151131, 5511. 35.
6111111111, .1),, &mmmmm
(333, 11111911) 3 5611111119111 333333333
1111111111111111111, 61573061. ⁴
61111111111, mm 6111, 1111- ¹
333333 1119111111 1111611111 (631, 11111111), 61.
235, 11513111. 111. hym 33 1111111111ιὰ11
11119 ,3333 3333, 1111 1611111111· 9191 11ιο
1115111111 1111111111, 1151111 11 (11111 m
(11911111 9111111 1111111( (.11511111)
0060516,[.,111·11111,111111(66125119)
151311111111151111991611911611611111111

91111111 1111111111, 9111111 1911111,161191“111
11191111,5711. 1.

11151111,1ι.,,111111111
1111 1111115, 11611111, «5636113311.

griffina& ,1191111 1191111 (531, mn),
1111313333. 33,- {mm m (W,
35601306,111.,11511111111
919111, 1.· ,., 111111, 11. 11 ,111111

6151111, .1..111 m, ,nm

(333, 33333J3 '333333’ 1991111116 t 605, ¹

15335331.511511111111,1971111911111,11191ω51,
71191120 129·1η,112126) 1191.
ω3501551611,0111,11111119111112911, 7.
33. 22. 26. 12. 16) 6111111. 9611 1.1·
333: 3⁵²33⁵⁵22⁰33⁹0 8 333

191Ᾰ11Μ11112111112111 ³

9111111. 011. 1119, 611611111616111111
1111111,1111111,11111111111,771 51 21)
ς1..’611;11111.111;911,,6111116
1111, 1111111 1111111 «1116111-
1111,51111111119101’1111,911111,1111111,
92.- 1156111111, 66)-5320 -1151(
1111),95116’111, 1111121. 526. - ott
Α1ω,7.5555,·)’111151111191111551111“υ,755.
5256,1.-511111,11191,5115191211’1,66
5255(13).-·ς161(1111111)912111,66
111111. 3). - 911111(111),11
57111115,12)11111011111,1111.85
6.· 61. 7.- 5111111191 1111111111) 333 33·-
3333· 71111.9.37,15’6111119111 eima (=
1111111911 55 333- 611511 emi,
11.1.,211.-1111(11.1)1111,1111
61111615 911111, 66. 5252μ-1111ω1,
911111 0111111, 0111.·)60 153(οῦ 11151951
111 91111111 (1111111 01110, (Rom 3. -
hona, 7119916 5305 (11711, 111.
011. 1519 5362111 11116) -51111,711991,
11. 5191996 1151111, 11131151911111, Vm,
6615. 77.- 1133111516, SE.P 12611111,
5(516(111.)2).-1115171511551,551111. 3,
56. -11115, 11111 51111111 55115111, 8333
268- -111 11111111, 651. 25) 7
671260( .51111, 11..719 ‚3333
11.1211((11.1),·ι11111,’1.)51,·119ι·
16) 1111311111) 7 61563 (1.
9)) 7151,1111)711111,1111.)75111,539’,·ΰ

 

 

