mmmm, 551555 5111151115, 5515551111
{¹22⁵}”2m3’ de clipeo (1551555515), 88.
8181811, 11., lepis, 1115111111 515151 1111
15555 191155, [ome 111γί1155, 11. 151. 30,
1111111151· 515151 5555151511515,15511111111, 11155-
515,115511. 11, 55111151· 51. de 155115115151,
88. 1 378, 1,(1515511, 1111311, 2, 115511·
5115511151911111151111155515155, Gk 1, 17,
111111 1511551· 51, 01. 3, 3, qued 581151115-
5151555, 515155 11511115111111111 lapideum, 81.
10, 3, 1551115 51515551111551155115111 11111-
11511511,11115111. 16. 19, confr. bejeetkringlon
81111. 23, 51 51515115111, 88. 1 331. De 1111·
tro: 11115 111· 515151 1115115εωὶ5515, 11. Br.
3, 115 1151115 lapidea: 5111115, 511 55 111 1
515151, 8. 8229, 2, de aepreeo 551 511155,
5151111555 1151511111 proscripti: 51 valde 111·
5511151· 1 515151, eqo 1151115 promimus 111 1555-
15 1595111, 08. 8. ·- 1) phrasis: 111515 5·5
111551 515151 11551551355555111555, 1115115 111111-
55555115115111,1111. 76, 2, confr. 8191191211
Hirr 1111 Im 1111151, 51 555551 mundi
15151151111511, 51 11111· 1115151555 111515
55555 111551 5151111, 115 111111, 11., 5111111151
111511 (11511, M! 188, 1, 5115155111. Verpe
5151111 51511 511155155515151115 majorem ja-
5555, 1. 55151111515155511151151515551115 511·
5111, m. 1, 1111151115 515151 um mem 555,
9. 66, ee.- 1515 51515 um mega 515. 855. .
58,855,11.1115]“.11155. 5. 21.- 5)111 epp 1.
1551111551 5151115551, 51511111 511551· (5151515111-
55, 111. qu. steinee2evi 51 51111, 88. 1 331),
μά, 511155, rem 115155, femina, 1155111.
5, 1,· 11. 115, 1,· 51111555. »- 5) 1115111511.
5511111 51. 151, 111155, 55515,11111151,88. l
538, cordis: 51. 1111111, huga, 555, 88,1
510,3111151111. lapis fortitudinis, 11., 88. l
296, (88.1 251, 3), 5151511 1 51111515 serbi
15511 5551551511, 81183. - 2) color.- 5555115
111151111115151111 551555 obducens, 881
326, 3, 1551111155 515151 putem 551555 epar-
5111, 1111. 31, 2,· 11515511155 515151 puro 55-
1555 51111111, 88. 1126, 1. em..- skip 515151
1511 11111151 515151 ok mam-3) 111 55111-
55111111 151115155, 1151515155, 1115515155,
5151115155, 1111515155, 1151515155115155115151,
5851115155 1155555155,511111511155.

medon, 51), vehementer 11155111, 111·
1511151151 de 1151111115, st. 111ςί, 88. 1506, 3,·
(15551115, 51. 5155151· geni, 8111151, Mod.
8511. 551. 232, 21), ,1555151515115115111
iatr, 811. 111 118, 1115 511111ς1 51515111 5111-
turm vesaniens, 89. 88(51. 1809 p. 600),
(515155, 115,11151515- 111 compositis 1111511151,
quenadmodum 1110511. 11155551ς,1155111. 115111-
reich, predium Germ. 51515511, 551115 95511-
dms).

818188118811111, 15111 1551111 expressus
(515155, 555115), desemine: hylireteinruun-
1115 11115,ρ119515,811151. 5, 17, 1.

8181Νῇ80, 1., 15555515511(115155,151),
Nih. 60 (811. 1 223, 11301. 321-2).

81811, 1. 5. inps. 11111. 551. 5. stige, euf-
115555111511. 51, 11115. 12.

mxl, 1.,111151511115, 5. 51511511.

8188881, id. 5115111115, ί11155111.,15-
11551 111 55 11511555 5511 51 1151115115ηά,

771

ss!

811. 130, 1, de 8551115 81151815, 11. 11., 15
11551115 Nisae.

818881181811, 5.,19111115115111(5151115,
1151), 51. 1111151 heys 515115 191111 15115111 511·
pei, 91511111, 51151511111515151111151151111·
1115555155915315511111, 15115155, od. 12.

8181181111, 115, 111. qu. 51111115, 5111· [11-
9511 81515 51. [11911155 8551551111, 155115 855-
15511111,555 8555, 111. 9, 2 (551115, 8. Vl!

8111111(5151, 5151, 515111), (115511, 51151555.
55515115, 5111 ,11111111 aufertur, 1151155551
5115151 drenge 1511511511 15111 juvenis
5111151555155551115111111 5111111111, 115551. 21,
2, 11. privare, 11511555, merge· 51515 1111 115
11151151 51111151 1111151151 oliae, 811. 1, 29, 11555
51511 gebi guma 55 ardea) 1511111155 11151115
5115115511155111. 13. Pau„- 1151 er 5151155
11511111 dene 155111115585111151111151155, 115511.
2, metaph: 5111 veri 5111515111511511, a
naJ'oribue 11511 1595555555, Δ. 2.

8118111 (·1, 15, 1), 1111551111 reddere, 1111111·
5555 (5111), 1851515115, 11. 11151551. pre
51515, magne. 5119555 , amplificare: 515115
515551, strepitum, impetum 519555, [5511155559-
115155, 8111. Ᾰνῌ 91, 3,· 555 5151 5111118511-
1151555 111155 15115 11551111 51111115 1551115-
111..115.111111.11 111
1555515555 interponere (5111,11., 1511151115 111-
(emetita, 55111. 515111, 88. 1 618. 5. 88),
51511551 151115151515111ς 5551111 11115555·
15551 5551111111 1515151111 111111, Δ. 11.

81811811, 11., 551155 ordine 9551155551,
75151151 55111515 (rab. Prodr. p. 25), 1511195
1115555 (85159. 1, 18, 855. B. 115111), 88.

81811111 (·1,15, 1), 5111511555 (515511,
stamma: gyge 151 5151515 1551555 11111555
(115111111ίό55) 5111511511, obsepsit, proeelmit,
85111. 7. Prot.- 51. app 1515 ,11111511 5111511555,
Ome. 159, 51 15151111115511115 111 51115
155111 obstruendas 5515151111, 88. 1 288.

8181181 (-1,15,1), 111. qu. 5151511, 51151151
11515555, contendere.- 1151111· 1155155 51551515

5515111 111 11111111 contenderunt, convenerunt,
815151. 7, 11, 211115. 1. serendo

8181181, 11., 111. 5115151111, 5555510155.

15511 55555111, 5515515551811555. στεῖρα), “

511511151511151. 111 prosu occurrit 51515115
11 5115 1111111. · 1·

818111 (ἐι, 15, 1), 1. 5. 51515, 1159111115
faeere, 5119555(51115)1 5. 51111511 res may·
51

. , 555 .,· .
inferre, 88. 1678, ,1, 5. breg, 11, 11151,
555555155555, continuare, 8119, 881
612, 1, 698, 2, 551115115151151155111511-
quentiam auqm, 05. 1,· 5551111153 95555111
1515111 1111119555 5115111, 11. 25. -1) 15155111.
511111 555. subjectis 551115515115111111115 1115-
111 1111951115, 88. 11 151,1, 531, 5,· 5155151·
151555151115511111 ,11151111 augentur, 118. 13. -
5) Pasa: hjeldr 51151115, 811151. 7, 30, 2,
part. 5115111, 51151111, 5111 e. 551555 51151111,
5515111, 115. 235, 2, 5115515515111151111111

 

