11.

11111 1111111111 res 11111 1111111, racis,
119111 111, 11. 1111111111). - 1)
epus.- 1111, 1111, 1111 11 1191111119111,
19111, 11191111, Raram 3. 1. 5,· ef 1111111111
mikil 1111111911 1111111· 1119119111 1911 111
11111111, Harum. 151 ,· 111111 119111111111
11111111, 1111111 faceres, 11111 necessitatem
1111111, Korn. 1, 3,· 1111 1111 1-11 111111
91111111 111911111111, 111111911161111111,
Raram. 10; mest 11111, 1111111111, 81.
2, 10, 1131111.. Pher„ 111111, 11., 1191111
1911111111 11 ejus 111 1911 inciderit, 811.

,· 31111111.10; 1111111 meisi 1111119111
19111111,’ 111111 major, 13. 32. - 1) 111111
circumstantia.- 1111111111 1111 tempori scr-
1111,31.2,11.- )11311111111111111, 11
1119111111111911111111, 61111.

warni, 11111 opus (11111911 11111.
veri 1111 nass 1911 11111, 11111111 emolumenta
11111 11111, 11. 111. 39,· 1. veri 11111111 11.·
1111))1119111111 111111111111111 11111 erat
(11111111) 19111, 119. 38,· 11111111 111 1.
veri 113 eorum 1111111 19111 nore 111111,
31. 2, 33, 111111 1111111191911 adj. 1111.
1111111111, a 11111.

POBINN, 1131, audac, 1111111111 (1111),
11311119111111 1111111111, 9111111111, 9111-
111111, 111111111111, 1111111111, 1111111111,
1511111111, 11111111111, 1111111111. —- 2)
gg narsus, 119119 83. 166, 1,· 11170.
Ῑ)0111’1“ 911 111111 (r :rr)‚ 119. 11111
111111, 118. 6.

1101111, 11., 919111 1111 111111 11911111

9191111111, 91911111, 83. 1290, 2,· 1111111111
11111 91911111,1’3., 11111111111111111 1111,
83. 1 291,3,1111’ 1111119. 111111111111,

Worm. 1111, GP. 1181111. 1111111111.
111· 11111111, 1111111, 111111.
ΡΟΒΝ, 191111, 1111111, 13. 91. 191111 (9111-
111, surculus, 19911.11111, 1111. 111113. 11191.
1. 6). - 1) 111 911111111111 11191 119111-
1111, Fas. 13. - 1) 11 1991119113111 111111
1111132313 111311..ῑέ ’11181111
11. 111111. 111 m),- 1. suasu 191.
11111,111.·1;11·.11·.11111ι
aius, 111111191111111 preliator, 011. 155,
3,· 111 11119111 119111, 91131111, 11111. 17.
- 11) 11911111 1111111, 1111111111 11111 11191·
1111111111,11111119,Λ9.0 (11111 11 osas 1
11111..1111111111311131111.,1111
11,· 1111. 11,3,· 11. 11 7, 1; 1191. 12, 2,-
111. 11 8, 1. -· e) 1111111111, 1911111111, 111111,
11 1111111 11111 11111 deses 1911111111,
9119111111, 111, 8111. 6,· 1111111111 1111111111
1111111111, 111, 39. 57, 1111111,11·1911.191191’111
membr. Νξ 160 (11111191. 111. 1) construo:
11111 1111111111 1111111111 1111 1111111,
111 1 111111 111 1111111911111111111111 11·
1111111 (111) 1111 meare poculorum certatricem
(1111119111) 111111111111111111111, 1111111111
1110131191ῗῆ1113111113
liberam, 119. 35, 1,· 11111 . 9119111111, 39.
57,· malms 111111 1111, 91 1111111, 03. 11 ,·

011·

915

11.

111911111111111 911111, 9119111111, m. 30,
1 (acc. 91., orne). - 9) 111 compositis.-
1111111,6 1991 111, 1191111, 1111111111, 11-

111, 1 g 111.
b 11011111 (aas, ·11), 11111111,1111111111
(1111)1 1111111111111, 1191191111 ss'cca
111, 11 lacrima arescam, lacrimis 1111111111,
111. 32, 2. 1111191, 111111 11111111111111
1111113111 marcescit 1111611111, 81111. 6, 15, 1.

Domuum, 1., 1111111 1111111111, 11111111
(11113,91111),11111. 11,1,· 1191. 11, 1.

1103111111, 11., 3111111 91911111, asserum
(1111111111 1111111111 111111111111111111111
9191111111, 83. 298, 3.

1011111311), 1., 9111111111 1111111111, 11111111
(11113, 1111), 08.111.13,· 39. 57111111.
11111111 1111 e).

PORN’I’EIGR, 11., 1111111 1111111111,11111
1 191 3, teing: 1111111 1111111911 11111111,

11 . 12 1.

1)(1110111111, 11., 1111191191, 13. 911. 111111,
11113111 (111111 111111111111 i 11911) 1161-
1111 19111, 11113. 16, 2, 1111 sermo 11131
Τ1113111111111131,· 8311. 11 108, 1 ω·
191 1111111111). 811 111111111Ρό1119111111-
1 1, .7.

1011οΒ11, rora. 91191, 11. 91. 111111,
Tharrias, 111111. 13, 111 1111111911111111.

110111), 1., 111111311111,11111”1.· 11111, el·
111111 11191 1 arbor ⁴s'rs 11111 1111, flavam.
50,· 3111111111, 311. 1299, 1,· 11 27;111111111
11111 1111191111, 11111. 19. «- 2) 1991311111
11111111111 consessionis, 11111, 11111111-
1111 1111911111, F. V! 361. —- 3) tres 1111111111,
83. 1 532. 559, 1,· 11 316. 165. 517. 610. -
1) 11 111191191111119.

10811, 11., Ther, 31111 111, 83. 188.
252. Dat. Ῐ111 (83.1 278), 11311111, 831
501, 2, 1181111111152, 111 eujus 1111111111
111. 165 1111111111 9111111111 911 bers. 11111
1)111 Sica, SE. 1304,- 111111 1111111111,
83. 13209 1111191 11111 111111, 83. 1266,-
1111111 11111 1111111, 83. 1 310, 1,· 111119
Phra 1111111111 111111, sorbus, 83. 1 289,
911 11191111 111111 11111111 111111 Smer 1111,
13. 911. 1111191191. 1111111119. 111111. 51, 1.
Ῑ)111111111119)1 111111111111, 11111111111111,
F. 1’1 361. - 2) 111 campan..- 11191111,
vsng 1111111111, 11. 111. 90. 111. 152).

Ῑ) 11111111, 13. 91.111111,111311, F. 111
111111. 21, 2), 19. ,111 11. 1. 1. - 1)
9111111111 11111,91.1.

PORRO 11,111., 13. 91. 111111, Tharrias,
83. 11 108, 1,· 138, 2.

1111111, 1.,11. 911111, caasa,
139. 9, 2 (F. V 122, r. 1. 11).

Ῑ)0118,11., 13. 91. 1111 91911, 831 291,
31113. 111111).

omn, 11., 91311 1111111111, 83. 1 579,
3,· 11 180. 561, 1131111111.

Possum, 1111 1111111111.

9011931311, 139. 9, 2; 3. V 122, 1, 111
311111,· praseae 1111111.

9011110, 3. 91. 11191. 1111. 1) 11111 1111
purif& Β 2) 1111119111 ruere , 911 111111,

11081111, 11., 91311 1111111111, 13. 91. 1111111,
83. 11 ⁶23,- 11111111. 9113111 1111111111, ser·

(ω’)

 

