· ΙΙΔ

1111111, pes 1111 (11111, pen, 1111111111

1111111111 11111 Grac„ 11181111, rank). 88.
1583, 2.- 2) 11111111 11111, 1111111111
111111118111111111111111
1111111111 11111 111111111111011111, 11111111
119. 8,· 11111 111111· 1111111, 11 1111111111
111111 deducitur carmen, deminuto 1111 11111-
111111(1.1. 11111111 1111111111 fini adpropia-
1111, metaph: 11111 11111 1111 111111 1111111111
11111111, 811111. 1, 19, 1,11 Vita 111111 81111..
36.- 1111111 nami 1111111 mgb 11111 1111111,
111 1111111111 111111. - 1) jubar 1. 111111,
11111911111111 11 (1111111111 111111 extra
1111111111 111111,11ι111111111, 811. 1328, 1,·
11111111. 1111111111 1111111111, 111111 1111111111
11111111111111111 111 11111 11111111, 1. 1. 111
111111, m 11117, 1,· 1111111 11111 1111111 11111-
11111, 1. 1. 11111111 11111111, 11111111 111111,
119111. 17. — 1) ommium capitis muliebris,
1111111111, apex, cidaris: 11111 1111111 am
11111111, 1. 1. 1111111111 unda spumam 11 1111111111
811. 1 500, 1, cs. 1111111111111. - 5) 111 11111-
pos.. 1111111111, 11111111111.
’ §nummum 111., 111111 1111 (11111),
. 111111 (88. 11152, 5111111111), 1111111
1111111111111111111111, 11, 1. (1111111111
2111111111 111112111111ἶ1...
(111111, 1111), 111 potius 111. 111. 11111111
11111111 puppis, 1111111 111111111111111 1111-
111111111 111111, 1111111, 11111111111111 1111111
equis 11111111, 1111111111, 811111. 6, 36, 2, 11111
1111111111111 11111111.

momen, 11], 111111111111, 111 1111-
111111 11111 (11111, fagr), 11 1111111111 1111111-
11111 111111, 111. 321, 1, 1111111111111. 11111111
1111111111, 11111131, accipi 111111 pomi
μ11111111111111111,’111111111111111111111
pro 1111111111), 11111111 11111111 1111111111

1111111111 1111111111 (11111111), imperator, 111,
F. 11 187. 2.

summm 11, 111111 111 11111111101111,
1ἱίρι),.8)8. 1 583, 1,· 11 182, 115. (621
11111 .

8111121188, adj„ 11111111111111(11111,
mo: 111111111111111 11111111. F. Χ 121, 3
(111. 318, 3). eod. 11111. 1111111111, 11111111-
1111 :- skautfngr.

81111111, 1., 111111 1111111, nequam, vappa,
88. 11321 11. 1111111111, 11111111. m 11
111, 1,· 111. 1111, 1,· m..- 1111111111
11111111 11 1111111111, 111. p. 30,· 1111111
,vm 11111 ein 111. 11 11,·1111. 1111111
(plum), 811. 6. Sed 1111111. 811. 111 181,
2, 111111 hit 11111111.

owen. 111., 11111111, 8811169 (alnam),
11 552 (111111). cs. 1111111. 811 qs.
111111 (1111111111, a 11111.
kglab& )“., 11111111, 88. 11 572,11111
summm, 111, 111111, 88. 1 5361
1111111111. 1111111111, 11111111, 1111111111

(ami, 11111), 111. 0. 11,· 11111. 11111

111 111

{leus 11111 datm (1.1. m) uffan,
111111. ·

suam, 1., suam, 1111 111111111111111,
111111. 11 ,· 1. 9. 8111111111111 1111111. 111 1, 11
1111111111111111111111. 1 212. 268). Dc
111 11118111 92111. 181, 21241. 556, 2,·
brundam 811111 1111111, 11111. 218.

snm, 111, 111111(11111111111)1)1 1. vim,
11111, segitem· 111111 nali, 1111, suain,
11111111, 88. 1330.

8118 (111111, 11111, 1111), aecidat,
1111111111 1111111111 1111111111· Ι 1111111 um
1111 111111 Magri, 1111 51. 11111. eccl. 111.
2, 168, ec epistola 1111131111 ad ”9⁰
1111111111 11111111 1., 1111111111, a· 1818-91
{m 11 111111· 111 1111111111.. 11111, 11. maske,

1 pum, 11111, 111. 1111, ι. 1. 1,· 1111

1111 1111 1111, ok 111111111111111, 111.
1 111, 1. 1. 8.

suman, 11, 1111111, 11111. 11111111,
88. 11801 11 595,- 11. 1111111, 111, 111118.

8118811111, 11., 11911111 narium, 8811
517, 1,· 11611 (11 552.. 1811411111 111111
11111101 11 1118 11111111.

suem (· 1, 11, 1). 1111111111, 111 1111-
111111 119111 (1118), 11111111 11111111 nuptu:
111 11111111, 111111 11111111 11111111 1111 am 11
1111111111 11111111, aqua 1111111111, mulus
aquarum, (11111111, 8811196. 1111111111. 11
impert. 111111 11111111), 1111111111 111811 spuo
1111111111 111 1111111111 11911111, 88. 1 692, 2.

811888,111., 1111111111 (11111), 111 eoum.
11111111.

swa, 1111111111, adj„ qui 1111111111
(11111), 111 compost. 1111111111 11 mosum.

sums, 1., barba, 11111111. 1,· aa 111
drop· 111111111ςὶ 1111111111 1111111 118. 10,-
11111111 111 111111 „neggi 1111111 111111 1111111111,
111111 11111 suppetit, 111111 1111111111 1111, orn
83, 1,· 111111 111111113ςί, 111 11111111, barb
obversa 1111911111, 11111111, prom 111 [acin
collabi, 011. 50, 2,· 1111111 steni 11110
11111) 1111111 cadere, 11. 111 138, 1, m!-
811. XI 121-255 11111111 111 themu
1111111111 capita, 1111111111 1111111111, 811. 1
121, 2, a Greu. 71, 2. 1111111111. 11111·
1111111, 1111111 (1111111111, 1111111 11111-
11111, 811111. 288)

sumet, 11., 111111. 1111ς1,1111111111 1111
111 composa: 111111111111, 111111111ςί ‹hnu-
nkecgn, 111. 11119. 1111111111111, 111111 111,
0111. 11 151 11 1111. 11111.)

mecm, )“., 11111111 (qu. 1111111), 88.
1519, 1,· 11 177. 569. 6211. Confer ›km-
11111, 811. p. 388, 11111 1111, 1111111, qun·-
111111 1111111111 111 11191111 1111111111 desi-da,

1111111 11111111 auserim, 11 similitudine 111111
111111 111 111111,· 81. 10.

811861ἷ111111μιᾰ). 1111111111 (aba), 1111
111111 ’1 1.

88818681088, adj„ 1111111111 (theu,
11111), 11111, 2. 8.

1111111111, 1., secum seeum, aa
111111111111111 (stema, 111), Vnp. 11 (Sl.
1 186, 1), 11 1111111111 11 1111111. ·- ²)
1111111111, 01111111 111-11111111, 11111. 113881

 

