*m

11 111111 111111111 ek 11111 111111 11111111,
91 hosti 1111 1111 111111, 81111116, 21,·
11111 11111111·1 11111111 1191 911111 1111-
1111,11119111111 11111111,111111111111111111111111
1111 1111,11111111111111011019111)
11111 Ι 11111111191111111111111191 11111
11 111111 Ι 11111(11.11111.“111’,119ο 11111)
111111111911111,1.1.11111111111111
1111111111( 11111 111111) 11111 1111111111
11111 911111 (11. 1. 01111111)1 magn 11111
11 911 11· 11111111. 111111111111,1111111
11111111 11 1111 9111111 1111111111, 111 19111111
91111119Μ111111111111111111111μῠ hau·
111111
11111111,11111111, 11111 11111111,911111111111111
11111 1111111111111111 111 11991, 11111 111-
11111 1111111111,1111 11119111, 111, 111.
5111111111, 111111111111,1.1.39;1111111
11111111 11111191119111111, 11119111 29, 5. -w
1)111111111111 11111 1111111111 1111111111
ok 11111 111111 1911111 11111 1111111111 11111-
1111111, 1. 1. 111111 1111111111, 11. 11111. e.
0111111111111111111 111111,111111111111,
hosti 111111 oo 1111 1199 nem 11111111.-
1) 11111 9111911,111, 1111111111 1111911 11111-
a: w.- (11911119 19991119 1111119919 {putto
1111 a 11111 a 1111 11·
2, 50,- 111, 19111111 1111111111 1111 11. 111
1111111 operam 11111 9119111, 9119111111, 111. 3,
1.-2)1111111,11111111111111111.,111111 aec.
1111911111 1011111110 1111 11111111· (undis
110911111111111, 11111, 3. 8119111, F.
ΙΧ 2191 911 1111 1111 111 111111, 1111111111
brim 111111 111 1111111111 ouum,- 111-
1111 1111911111 111111 1111111111111111111
91111 11 moini 1119111911111,111111 11111
11111111111111111911,111111(1111911111
119191111191111911111199911, 19111, 1191111111 11
111 ara 111, 1 11 119111 11111 111-

911 11111)111111111111,11111111111.
mamma, ι19.,11111111111 carm,

1111111111
11111, 8113 Tim
9111 1111111111, 111. 81.

1011111111,119.,111111111111 1119111
(11111, mr„ 1111. 11111111, Sil. 30.

1011161,19.,111·11111,111111111, 9111-
11111(11111)·, BF. 1210, '3, 11 1111111111.
11 9111111 1111111111 1911111111 1111191 111-
911,81.1601,·11111111(111 111 91111111
11 111119 11111111 1111111111 abundantia, 11.
1111. 13111111111111111111111· 11111111
1111111111111,111. 1110. Vua
11111111-, 1111111191,11111111191,11111111191.

1111111111 1911. 11, omum, 1111
91111111,91.11111111111, 11111111 111111,
11111 1111111,1111111111111,·911 1111111191
1111911. U 11111 1111111111· 111 11111, soree k.
,111111 111 1199111. 111111, 91. cond-'eim
91911111 1111111111 11111111, 1111111919111111,
111111 11 111111 11119111, 1111111111191111,
1111. 17, 11 999111111111, 11.

1011111, 11., 11111111, optio (1111119111.
111111,91111.1’11111119111,1119111191111111.·
1111 911 11 11111 1111 111111 1191111111 1111
19111 11111111 111,81. 1, 20,· 119111, 1111111111,
91111 111111 911111111111 1191 11111 (11)
1111111111ς1 111 111111 11111 1111 1111111 111111-

1)11111111[. 1191111, 19111111 11111,

(1,1111 1111101 1111. 1111-
111111 911191 1111111111

171

111,

11111 11111111 1111111111116111191111111119·
1111111(111.91.),1111911 11111111 1111111·
1111111111, 0 17,,·31111111111η)1
11111111111111119111(11 loricarum 11 9111111·
111111) 1191111 11111, 011. 92, 13,· 1111 11111
2311111ιὲ 111111111ὶέ1 2111111
111)119111(11111111111111),11,1111101111,
111 1111111111 referendum, 111 111111111111111111
111, 11 11111111 11111111111911111111111111
11.·.ἰ21”1.1111”1ἒ.ἕῑξ“.11153.”11ἕ111ἲ1
1111111111 1111111, 0111. 11,· 11111111, 1111, m:
11111111 11111, en 1111111111 1111111, 111111
11111111 111, 91111,111 Slus. 13111011111111111
91111111 9111111111 rerum (expetibilium 9111-
111111111), 111 1111111111 1111191111 111111-
11111111, 111111111111,119111. 12; 1119111
1111111111 (1111. 1.,) 111111 1111111 11111111
(mea) 1111111111,1111111 rerum 1111111111 111
11111111 1191111 111, ,111 9811. 1111111111,
1111111111, 111-1111 11191· 11111111 111111 1111111
conditiones 1111111111199111111 masculorum
11111111 9111111111, Am. 69‚· 1911111111 ok mun
1111111111, 8111111. 2, 32, 111111 1111111111
11111111· 19111 1111111 11111, 11 1911111111 mun
1.1.91111191111111111111,911111119111111111·
11111111911111111111, [1111111111 111 1111111111
1111111 11ςὶ kent 111 91111111 vita 11111111 111,
1191111111111111111111111111111112.111-
111111,11111, 9111111111, SE. 1 232, 1,1111’
111.91.111111,111.011.1119.. 1119111911
911111 1111111111111911 11111 (9111111111111,
1111.91.,811.11111, 11111111111351111
11,1,·1111,91,·1111’1311.111,· 11111.
11310111.1516),·1111111111911111111111
11111 11111911 11111 91111111 1111111111111111-
111,1.1.1111111 111111 11111111, 91111111 11111111,
9111111111, 1111111.11,1;1111111111111119111,
m 11011111. 9111111111... 131
1111 1111111, 11111, 2 (111 1111, 1, 111.
6), 9111 111111 11111· 111911111111111111111.-
2) 111111, 01. 6011111111 1111 191111111-
111111111 Ι 1111111111111111111111111
1111111 91111 11 11111 111111, Ι 111111111111
111111 11111. ·- 3)’ 111 11191111111111111111
111111111, 111111111111, 1111111,1111111.
1111111111, 1111111 1191111111 (11111 111-
911111, 111 11111 111 mitit 1111111111 1, mr„
911911 F. 1118311 m. 161 9111111
11111111 11111 1119111111 1111111111, FR. 1

111191- 3119111111111111111111111 bein. 11· 911

11111 111 11911111, quen 111111111111111, SE. 1
210, 3,· 111111 he! pernicies 1111111 1191111111,
191111, 111. 3,· 1111 11111 1111111 11111111, 111-
91111 111111 911111 1111 111111111111111119·
1111 1111111111 (91111111) 1111111111 111 1111111111
vitalibus (corporibus), 111. 37 (cml 062).
111 11191111111 1111111111, 1111111111, 11111111,
11111111.
1051811111,1119.,1111111’1111111111119111-
111111,111111111,1111111111,9111111111 (11111,
-11,1111 11. 911. 1111191), 119. 33, 2.
1011111111, 11].,11111111 1111111
(11111,1111),1“1111121,1.
10510011,11.,911111111111(1’1.911.11111),
11.,11123 1,11111111111111111119111111 111111-

 

