1111 311

111111 1 1111111111111911191111 Ι 111111-
9111111111 11119111, 1. 1. 11 11111· 1111111191

1111

1111111191), 1., mem 11119. mm

1111111111, 1111111 1111111111 11111· eoem

111111 111111, 1111111 berar. 111 91111111 moy, 9119111, 9119119191, 111. 17, 1.

ok 11111111 sik 11111191111111119111 1111911·
111119 carnis, 911111 9111111119, 1111111,111
71111117 ,7777 mx 7777171717
. , ., .
(skal) 1111111111 1111111, 11111 1919111111 9111191
9991119111111111119911111, 9111111 11111 1111111-
culum (91911111), 8111 120, ec 9119 1999 dc-
9199111911 91111191 vocem 111111111111111919. -
21911111 111111 11111111 (0111111111. 1111111111)
terra 911119, 9119111, SE. 1 538,· 11111111 stoc
columna 9911911111, caput, 1111 1111111111 11911
1119111191νί1 999111 abscidit, 111. 11 299, 1
cx 9111191111· 1111 1111111111 19111 9111111,
11111, SE. 1 428,- 11111111 111111 11999 9111111-
rum, 1119, 11111111 skohe 1119191911, Jd.
19; F. 1 170, 1, 91111 1111111111 11111111
11111 concursus 9911111111, 91191111, 11111. 7,·
111111 1111111111, 11,, OT. 123, 1,· 1111111111 1111,
id„ OT. 121, 2,· F. VI! 351, 1, 11111111
11111111 1111119111119191, 111711, 3. (1111
11111111 9911911 capere, 11111111, dc 1111919111,
09. 18 ( 111. 1 177, 1111111 ε1111111111111,111 1.
11111111 11111191111911111 11111111); 1911111111 ok
11111111, 111 011111, 1191111. 2. 1119119911
11111111,6111.3. 16, vide adngwyvr. 11111111
111111 991111 occulens, nubes 11111111, Α1911.
19. Vide 9919911191 1111111111. 1111111111,
9111111111, 1111111111111, 1111111111, 1911-
111111, - 3) 99111111,1119111191, convexum:
11111 1. camera 19111, celum, 111ςί 111111
1111111111 rec 11111, deus, SE. 1 320, 3,· 1.
1111111,1’11111, 1911111, suan, 11111111, 1.
lepte 9911119 acris, 11,.1111 311 ,· 1. 11111111
1111111111 camera 1111119111 991191111111 (11911-
111111),9911111, und 1111111 11111111 11111111 1111
1919, 1191191. 9, 1. 11111 composita: ey-
11111111119111111111, 1111111111. - 1) 111111
1111911 recensetur 11 SE. 1! 193, 111191 91111·
111111 1191111991 acervum 1111111111,111 111111-
larium, 11 9119 frumenta 1199111111,· 119
1111111111 1111191111 11191119, 11111. 256,·
1111111111 99119111 1911111, 119911. 516,-
1191111111 strues 1111, 1113. 12511911111111·
1111111· 1191111191 1111111111 ok 9111111 111· 11
111, F. VI! 296. - 5111111111, SE. 11111,
2, 1191111111 est 11111111, 11111 11111111 11111
1111111111, rec 11111, 111 deus. ”
111111ΜΙ111111, 1., experimontum 9111111,
9111111119 991111, 919111111111111, 11111111 1111111-
munuc 11311111πά1 9911911 1191191111 11111111
11999111, dc principe fortitudine 1191111111,
911. 11, vel 11111111111· 111 11111111, 11 111.
1111111χί1111 curator 1111111111, 1119119191, 911
11911111 11 h. 1111 (= 1111111), 1191111.
mmmmm, 11,, curam 111111
9111111, 1111911 1111111911 9911911, 9111111191
(11111111, 1111111), ccc. 1119. -11, 119191. 23, 2.
11 Ι1916191111111111, 1., ,1111111 11. 1111111111,
nmmum, 1., 91911111 9111111, 911919,
1111131111 ek 11111 11111 11111111, 91 111191
11, (11) 1111119111 11111 11 1111111 11 1111111111
ticcam 1111 111111 11 111111,111.11362, 1.

111111191111111. 1. 111 91991119, 1111111-
91111 9191111111.

11111111111, 11,, 11191, 1. 111-
1111 9111111, 91911111 (11111111,11111111, cs. SE.

11621, 191111 111111, 91 1111111911 11111111
1 911111 heminam), 11111111. 8.

nsALMsAMn, 11111, 911119 11199111,191-
1911111 (11111111, cumr = 1111111), 111 111111111-
ugr: 111 111111111119111 1111111 apud 119111
99119191911111111, F. 1 V 62, 1. Cf. 111112

namma, n., 11311 991111, 111911
(11111111, 111111 11911111. 119111 1119111, nc 91
9111111119111,1111 dissimulare, 1111 1,1,·
11119 19111191 1111 11111111 111111 999111 11919
(clam, 111111199911111111)11111111111, 11. 911-
1919111111,911·19119 1111 dissimulata, 11911111 91
1111111111191111 1111 9911991119, circumire,

11111111111, 91991111 991111, noca
911119, 11911111 11111111, 11111111 1111111
11111111111 1911999191 1191111111, acum
11111111,91111111191, 911, Nj. 136.

1111111191, adj„ 91111. ansam,
1911111 (11111111, 1111111111 1111111111 11111

11111111 11111111 9119111 991111 nociva, (1.19. ¹

1111111111, 1., pluvia 1111911111,
1111. 16. - 2) 91911111 (τ11111111111), 1111. 13.
113111111911111111111, 11,, 9911911 conplec-
1111 (11111111, speum: 11111111111111911111911

cameram montanorum (9911111) complectens, '

111111, 11. 9, 11111111 1111111191111111111111 Ι Ι
111111911111111 1111111 Ι 1111 1119991· 11

11111(11919,1Ι1119111)·11111111) 1 1111111 1

911 111111 1111111.

1111111101, 1., calamus 9111, mes
(11111111, 119111), F. 11 313, 1.

mammon, 11,, 91199 991111, 91911111
(1111111, sprota), 111. 1111. 1. 11111, 1,...
1111111111.

mmmm, 11,, 1911111111 991191, 919-
19191, 911 (11111111, 111111), sb. 2, 22,111.
119111. 919 1111111111.

mmmmm. 11, 111111,1111191111,
1119111 (11111111, 11111111 1111 1111 1111111111
199111 1111111111 91111111, 1911111, 1911119911,
11113111. 91, 2,· cf. 1111 1111111 hm
9111111 999111 offerre, F. 1235, 2.

1111111911, 11, 11111, fundanam,
statumen 91111, 999111 (11111111, 1111111)111111
1. 1111111111,1111911111 fulcrum 991111,19911,
1191111. 31 ,· 68. 301 811111. 6, 15, 7,·
111111. 11.

1111111181111111111, 11,, rector 911119
(11111111. 1111111 sunau 119111119111111119-
9111, 1. 1. 119191 11111, 11111, dc 11111119,1191.

33, 1111 1111 11111 11111111 11111111 11111 Ι ,
111111191111111111 Ι 19111191111111
munuum Ι 1111111 11111791111, 11111111· ἱ
um 1911111111 11111-111111111111111,11111111 ι

1111111911 ens 1111 11111111-11111111111111111.

1111111111,1.,911111 qam, 1111111 ‚¹

(1111111. 1111111811. 1 671, 2. Ι
mmmmm, 111, 111111 1111111.

91111111 91111111 19111111 (11111111, 1111111)1 11. ¹

 

