211

39;1.(1119)11111111 11111111,31[. 26,·1.
9113 1113111111 deflere, (111111 redere, 1111-
9111111111631131911113,111121919111
11311111 “ll-‘llll ,1
9111111111111111 111111(,11111 A. 8(31·
111131111131011311391.) 3111131111)-
1131,11.,3111111,31111111,11311911111111131.
31119111,11113131111111,11.11119111111,
131111111111 1111131 111111 eernere 1111
1119111111,3.11222,· 1. 9111, 9111111,
9119111 13111111, ,13 13 (3311191111.
13113111). 31311119111111 9)31.111111131,9111-
1111131, 3131111131,1111111111111131.

1131112311),111911111111111
1111111 inperare, 1111111 111311111,03β.1,·
111111 1111191131 1113 illrum 31111111 l 3993
11311111111111111 1111, 9111111111 1111111111·
12· 2322.. 2232111222
11911111191111111111111111111119111111,1.1.
11911111, 1111111133. 1191111 311311-
1132 ,11313312112121
1111111 11113 1111 111 1111131, 311. 9. 87, ·Pvel
1111911131 13111131, 0113111 336.

1111111111,9.,11119111111, 1113111111
(1111911), 03. 36.

2311133, 91,1·1111111,13. 91.21111,3.
3 228, 3, 129, 3.
57ἷ3ἔ13, ,1., 11111111, plurius 3119111, SE. 1

1111111111,1ι., 1111111111(1)3)1 11311111
1111311· auxilium pelere abaliquo, 3119111.
23, 3. 3111119111. 9, 391 1131111199319111
911ῗᾶ1311,11111,1131111131.-2)11111111
111, 32

23113311,11.,1111111111,13.91.11111311
1.1111,1.1.8,11111111111191111111,111 lene
1111111119. Preef, Vere. 111. 11991111. l.
r3 31119. 3, 219. 21113111131, 11.,111111-
111111,03 21,1131·1191131111 1111311111111
(pre trinalermennJ 1 ligeum 111111.

‘renem (· -ι, 31,1) ,,11911111 9111191111
1. 111111 1111311· 111311 911111919911 111-
9111111191119111,11 9111111 111111,0.263.
2. 1111111911111111111911.

221111, f. 91. 1 1311,91111111,3111111,
331116 3.,·1113 31. 3, 2(3. 311233,
2 1113123, 1., derie. 1 13111, 113111911111.

231131 (-1, ,31 1), 91131119 9111 111111
1111119111111,311.11μ213,1.3111111
111111111111113131111 oper profundere, 911-
'dinem 3. 313239 11. 11111111 liberaliter
ω33121111111.11111361113111 8Μ111νθι311111
3111. 11, 1 (111) ‘⁹' '

23113,3.1.91.11 113.111.1.111,1111

111. 11, 313· 6, 1131 (11.

1323 (·11,111,11),11111111119111(1111,
1111111(οη 31111,· 111 1111111111, 319191.

3,111191.1111111111)·11111911. 3111119111,

3111111111 11111111 under 111111111,33. l

323, em. 263111.1)111.013.131111.

&termolelmilmilL id, 113,

313

212

1111111(-ι,11,1931111111111111111-
1111,911111111 (1119 119).1.11111111111
1111111131111 1111111111,111113.1,30,·31·
3111111, 3111113111, ul 11111, 33. 1323, 3,
111. 013111991199311113113111113313
1111111111 ed [111311 seminam, 1131111. 102.
imper.. 119931 1131191 1111111111113111
1911111111, reinquere edleeerie cellerius riri
1111111 lidi 11 areanorum 1111111, 1131111.
117,· 11993193311 111191111911111111111,
3111111 1111111111 1311111131 1311111311 eer-
1111111,1131111. 122,· 11111191 1119911 119111
111911111911111111311,32·,1199)1111ἷ1111
1111111111, 111111111111311331111111111 eree
BA 1, 28. 111111 91111· 11191· 11911911
111311111111111, 0111 11.-1911111191
reservet 3311 16. leun horem 1199111, 11
henum 11119 11119, 111 11111 3113111311 1119
um 11111111, derlee ei 1111111111, tropo e
serie 911111, 9113131111111111 derlee 1131111
11 ad 11111111 11111111. 39911111 verlerel:

,,3111111113111111191111119111112 31111119911
A. 1111111111 111(1111131111111,139.1 11911,
1191,111,1111113111,11119ῄ11111(11 Der„
viee 2111311), 3111111 113111,111191,911911“1
9111 111 aul deriderie rei 11111111,1111. 1.,
3111311111 111111 redere derlee ed ridere·
31111,11113111,116113111.()111119111119111
111111.17,1,111.1111131.132,1111111 111111
el 1111) 1111111 1111111111, Ι 111 {rili 11111131
111911) 11311· {rien 1111111111, 1911 pereum
derlee 1113111,11.1111111 13 111111 erupe-
eere, ee 911, ele.; 9111 loeo lrje 11113911.
111911, 1191, 111, eeeelreeeluee 11111 911. plur..
11131111 hende. Aliter 1111111 1191111111111
9111111 111 0111111111 eree. 11 1111113111- 33-

3111,131 111 ei 1111111 119111111191111311
ei mdner, ello 11191111, 1131 1311111111.
Aliud Gldrreriun 1111111 911 1111111 eander·

1111111111 efferi 133111 exemplo 113 {terei
θ1311111311 111111, 111 henr 11131 11 11111.
El Aine (1111 11111911311 loeus 1111311111.
1. 3311111 11111131 311199111131,1111331
(1111111131) 1131191Η11911 11111, ee 11131 113
113111191119 bessi 1111911131.

223313 (-1, 31,1,) 3111111,)’1111 rel
Aeleree 3111111 (1111111), Sili. 66.

mm, (,1111911111,11111,111311111,
33. 1, 6329 ll, 363. 637. 610,· 113. 131111.
reule, 13. 31111 comeare 1131111111331,
11., 1119111, 1111111,11991.

233, 1131, 1131, 113 ereb (11.

mle (113, 11331, 1131), 1111111111,
111111, letificare, 1311111111, 111111111911111
11111111(113)1 celse 91131 111111 1119111,
Aee. 595 11111111 1111111111 11331 911 prela
3111111111 eiereereeil, 111111. 3, 3,· 1111111331,
Ὕ3311ω91201, derlee, id. 91111111, 1
131111,3. 3113633.

1119. 911111, ede„ eme, 1111111111
11111 1111 09111111, 1111111111.

111111,1111111111191111111111111
1.1.113111131111(1 3111111),33.1310,
3,111. 011.111111,1111.91111111111;113.
11911111 1113111391111 llll, 1131 311. 1111 rese-
1113111131111 131111113111. - 2911111,
91111, 311, 319111ς311. 111111, 33. ,m

 

