3333333333, 33., 11111111, 1111111, 1111111,
1111111111 911111111 1111111., 1111111111, 111
redire 111111111111 (1111 1111111 9118111111),
8.,18185 3411413141). 111 11111111
81111911 333 1111111114 1111111111 1911-
411118, 811111. 4, 891111.

48.4.,111111111111111881,19111111111111111,
11111,111 2901 81111144411111111111111
11111111111111111,1111119111,119.6,· 181
1114 111111 (11111114 111111 propellere, 011.
4,2,-β4111111,111111111111111,91111111,
8111115 4,1,·11111111., 11833, 81. 19,
4, 33. 16743 111111 1111911111, F. 1175,3,·
11111111 11111,1111111111911111, 111111,1111.
172,·1131’11,111111111111111111,1111911,81.2,·
1111 4119 11111- γ’4 111111. 1191111811 11.

1111111888 1116281111. 2.-
''⁰⁸33ss ,ἲ 81.ἱὶ 1... ⁶ 111, 3 31 3

111’,19,11111111111111 ’33.
48, 7. 5028.1’229,3,111119111911111
,119111111-4 -42 annona,

-8)3'333333-

9111111111 111118,
1111111111111111112814111111111191
111,1411819114111111,1148191111, 1111111,
11111411111111111,111 1111 11111111, 111111,
0111111111, 1141111119.(1411111141,
111111114911 1411111111 11111111 11111 11111-
333'3 numeratur, 8.1’110,2,1.1.11(111111111-
1114111111). -β4111111111 11111111, 1111111811.
33 33, 11191111 F. 1111111111111111111,
1111 1119111111 et 1911111111 armona, 1111911,
911111, 111. 219, 3. (1111 119111,1194111,
2,,111111191111114- 34110111 33333'3333,
33'3333. 7, 63, 881172

Δ8,1.,111111111, 9111119111111411191
(11111111441111111111111111 1111
911111,911Μ“111111119111111,11111,191
8144128ηῶ 01111...,56421.11191..925,49,
814,5.,7 8112,,·2 111111111 11,9111111911111
1111 1111191111, 91111111, 819.,3 1111111111, 1
8119111111 1141111 1111111 1111111111 11111
1114111111 3113ch 1111. 1. 1111111111, 91
11,ο1111111119111141111,91111,11111111111111
111111,111111111 11191 9111 111 1111111111
11191111191111111 1111,· 1111111 111, 11111
14,911.1.,11111114111,8112,,111119111
1111, 9111111, 11111 1111111, 11,· 91111 1111119111
33333 111191 9111111111 1111911111 F. 8176, 2,
1111141111- β) 411, 11111, 11 9111111919,
111111111011111 um 111111,ι·1 9111111911
1111111, 111111,91111111111, 111912 (1111111-
5111111411, 111111, 1141111.1, 0111,,·1 11111

1299οΜ19991111919114,8111.8.1’229,4.
111,41’·ι’1’1111111111”111119’11·1,81112·4“”4111 9111111
11111, 33. 131, 2, 19911, 194 119 (9111191119-
11111 8111181114· 11111111, justo 1111191111,
ffl'ggfw Ha 3491111111 wal 1141411411
111911,1111111.58.59,89,30.1111111
11111,111111111,111111111111111111.2,34,,· 11
1111911911911 1111111111, 81111. 151,1, 9111
11 1 11919111 111 1111111. 19 (1111 9111111111
1411111111111 1118111114119114411111411
(111911, 2801111111911111111111911111111
1111 11119111-1111191111111111,1111111111
11119111- -111, 11, 88111511. (3. 11119.) -
14 1111, 11111. 21,14. 1111111119 perparuo.-

13

114

119111 1 3333 33· 111, 11911 (1119111
111 33 14 333: 11111414 33333333 9111 3333·
911 er),· 11111111 1111841111 1141 molti 333
33. 1111 1111111111 emineret 3333333, 119111, 25,

1888418148, 11,, 111111, 1111111111111111111,
(41,9.,11111),111.11, 3.

48811410, 111111, 33. 1581, 2. 14.,1111111
1111191111” 1911 4111111111

11411,31.2, 13: 911111119111111111.
14 111 4111191111 411111 911191,911 1111
(1.111911111114111 1111 1111141141111
411911111181111111 11. 1. 9111111 1111,11
1111911111 911 11111111 (11.11111111111 119111
1111114 119111911111941 11 111111111,91111111
911111111111 111111111111111111111111 11111111.
Sed 14 11111,88,1658211114.

48808188, 91.9,.,111119 1811111181, (11,
11111), Sonare. 2.

1111111 33333333, 1111111191111
1111111,9111111 1111, 41111 11111111 11111111 33
119 11111111, 333 1111119111, 91111111 11911

11111,11.,1.- 04. 9111111111 9111111
11111111 11119111111111111 11,118119ἰ 111
11141111. 01191. 11114 1111.1.26,· 91411 333
33333333 1 11, 1111141 111141 111191,1.1.
1111, 1119 411911 333 1111911111 1 11 11
01111111114111, 111. 11 161,- 8111 41111
amplectenda 111 111 1111911111 111191,11

qua 1111111111 1119111111 111111911119, 33
111. plur. 111191, 3'33 9111111 11”11191 (1111
114.ἱέ ’1. 11381ςὶ188.889188
9111111911,11111111, 11111, 11111114, 2. 2708,
quem 11 11111111 91111111, 111 11111191, ,48,
111111111111911111 per 333333 111111,1111.1429.
(14.1111119111,11111,1111.14294,

3333 ,4,911911.11111111191111111, 9111111
91111911111 11111111 1111111111, F. 3¹13 56,
9111,,1 11111.19111111111’11 11111111, F.
31313313 1111111111. 8, 3 11119111191114411-
1111,,911111111,,911 19111141· 111111 111111,
911111 111911111111111111 1911111111,11. 11111111

provocare, 1111119111,11111 19111 persequatur.
11111111,11·191.

8881, 11,,1111119 411111, 881534, 8111,
38, 8111, 78· 14. 111911, 8111 111 1191181111,
01191 (411111 111111, 4111 8111114, 88. 1244,3.

8881108884, 11,111111(91.111111 111·
11111, 11, 1141914, 881488 ,41019111 419-
911111,111111111111111,911111111,11827,

1881188014. 114,111111111111 19911111
(1111.1111), 89 57, 2.

3333331 11,,111111(91.4111111111111-
4111, 1111,141114’, 11. 4111111, 9111. 1111 48.1
8411111 1,, 411111 84111111 (8194114, 81. 26,
11111111111114 0111.

Α888,11.,1111111111,11111111111111,84.
2,12, 09.9,11111,2,21 111141111111.) -
β4 33'33 27 41111191114114,1191111111 111
1411.

111111,11., 111,88.15872 484,,3 61111.
50, (3. 33). 33'. 111,1111 911111

3333331333. 33., 111,9111111191 11111111-

11111111919Ι1111011,1111111,11111,,(1111
1418114, 8111. 28.

8888801111,11.,11111,1111111111111111,
(1111, 1111141 1. 111 111111, 11111 1111181111
,61909 ΜΝ, Εθ ⁶⁴, 2·

 

