vm

96616, Α9.,· 1666166 1. potue 116111, id„ 161111
16661111 vitaretur, 19. - 3) 16 campora:
11616616, 1116166616, 1116616, 661116.

vm. 1., 166161, 6616. 28,· SE. t 130.
577, 2,· tt 180. 563. 623 - 21116166, 11666116
(1116116116) 1166166, 16 61666 61111111 66 66666-
66116 18. 1 63,· 1 mr,- 139. 37,· 611. 11 171.
176. 512-13,· 111 626. 6171· 111116 9166161111·
8166616111 Ve'noe, 166 Virro, 61111161 61666
9661111616, 11116 11669666161116 nympha 6611,
1611116619.

11181, 1., 661166 16161), 119661. 1,· 09. 1,·
166616111611666 6611611 16111,16116616, 111. 158,
1. 1166 6661111166 .· 1661166, 6161166, 11696166,
metr-ine.

11116116, 661161116 (11606 61116 61666 616
6-11 66161161666116111661 6696 quem, 866661. 21.

vim, 661. 166661, 66616666, 16116. 6
11661, 111 611 66619166. 666111666, 96. 6.

mm (6166, 1611, 6661161 666611), 16-
61666, 16196666. - 1) 61116 666.6 [ner 61 66661
61116 6666 11166111 ex 66666 6661166661, 1. 6.
666 1611166611166 6116661661, 116111. 17,· 6. 661
16696666 161616, 1. 6. partem 16116 6116161661
11196 obvolvere, Nj. 158,1,· 6. 116661 11661666
66666. 1. 6. 61166616 6661661 11119616, 116. 293,
1, 666 1. 1. 1696111616 61661666 1116 116166
61661611111 v. 1116616616611 complicare 6116·
rectem (616966 61691666), Bt. 1, 12. ·- 2)
61116 dat.- 6. 61611616 6116666 9166166, 01.
13,1 (F. 188, 1),· 6. 616166 111661 currum
1661616, 6116 66 vertere, 119 31, 1,· 6611111161
661161 flectebat, 66666666 capite 61611, ote. 6,·
6611 vergi 961166, 11161616 (morteri) 6611666111,
Gt. 1, 12,· 6611 upp tegftki 66111161 6611111611
1166191661, 11911611. 27. - 3) part. 96666. 666-
166 tortus: 666661· tester 16111 111666, 11116
16616116 16616 1116116 tortorum 1 6111616, 66616, SE.
1191, 1,· 66616 1116961661 16116 16696166 661111-
166616, st. 1658, 1 ; 66616 1111661166 6116661 166-
11611, 6611611, 61161116 89. 31. - 1) 6661661111,
circumdetur: 1611. υ66166 61166 1169691661,
Vrp. 31 (88.1200, 1). - 1) 3. 6. 916166.
1116, paee, 61666, 11. 161· 111175, 661. 12,·
V 61, 661. 1 61 cot. membr. 011, 6166 6616
16616.

vlunt, 1., 161616 61119116, 66111116 116661-
1116 66 1166661 61ρ69116161666); 1111166166-
16, 811.1 581, 6.1.12. - 2) parur 16116
(Fer. 11)6 61161666 69611116 pani, 16161116
1661166,19.

1166161166, 1166116, 16ρ.11,· 8111
66, 1,· 11170. 553.

11181111), 1., remur 66611, 616 (11661, 66)6
61116111. 16111 6616191661 61661116, 6616166, 811.
11101, 2„ 611116611661111661111116166911616).

mutes, 66, 666116, 966 616666696666
6119616 trahitur, 666116 6116616 (vinda 6661116,
16616616), SE. 1 581, 2,· 11 565. 625161116-
1.. 11 161). rm, 111. 0. 2811. 1111),
111. 781111 111231.

8180811818, 61. , 91661116, SE. 11 619,
6116 6166116111.

818661118866, 6616616666, 6613811.
1592, 2,· 11 185. 627 1666 6661111116 11568).

6116611661, mro 111666, 61916...
6116, 11111). 6111116166, 111. 16, 6
,111 1301, 2,· F. W 135, 2).

881 6111

61166166, n. 11., 61611. emate,
1111616616 1669166166, 111166 661111 (61661,11η),
1111311808101, 6., 96616116 66611, 661166166

66611, 1111166, Alere. 19 (111161, 11616 111116 ,

116916, 19116). Vide 11661161.

1111666116, ne, 91961, sa. 11111, erre
11196196, 61611111.

mmmmm, m., 66916 661111, 661, calu,
(11661, 1161161), 169. 56. 0661. 6661161166.

1118111111111111, 6., 96166 66611, eir
(11661, 11,111161)6 1166111166 166 pone 61111,
porr 6111116, 66161116, 81666616, 116116. 1,
17, 1111 6611111666 66 161161166666166 611.

1180111688, 116, 1161666166, 111. 911, 8161-
161· (11661, lutere 66666116666 616661 61111116, 661
levissimum 611616 16611161 animadvertente, 881
100),·11111166 19111· 1116611166 ceput 86166611,
91661116, SE. t 608, 1 (Cret. 1169), site
1161616611.

6166661116, ue, 6611. emer, 16 μ
811161· (a 61611), 166616116616116111 86611116,
per 1616616 6616661, F. 111 9, 2.

vtum, 6., 66616. 11 11661· 6611166, 6166 611-
por. hregzvssndi.

1181111111, 6., 66616. 6 61666 (verb), 6116
1111166111.

1118111111ὓῦ8, adt, 661116 16191666 (etue,
helem: 116611161619111, decr-ree, 116616.-
2) 66, 6616. propr. 16111111, 11111661. 7.

1180111111, 11., 666 661111, 616(61611,161)1
1616 6111611616 1116661 66616, terra, A& tt,-
8. tx 266, 1 1116. 25,1).

wetbertus& adj„ renti 6611616, 11669611-
1116 (61661, 1666616 1. 6191, 1. 11,· ΔΜ
258, 1. 1666.,61661666116111,811. 1 12.

111801.811,61., 6616611 1161616611, 16. 91-
81661161, SE. 1 266. 608, 1 (cod. 11611).

monton, 661, tempestatem ι16666
(61661)6 6161161111661161 1661 661661661-
966161661 minetur, 81661. 7, 11, 1. Prot, 961
adrentum pertinet, 116611966ῇ661616116 rati,

6166611111, 6., pam 11616, 661
82 (cot. Verre), 61116 11661661.

61661661, m, pater 11616, ss. 182

8181101818, 66, 6611161196. 166116 enti,
11661, 1616), Atreu. 13.

1181111111), 1, oter 66111666, recenter· te·-
9699191199 96666 (11666, 116), 161611 (88.

11181111, 6., 666166,· 966. 6. 616661, 11666
61666. proruunt. 1166, 1166, riam Atae 2⁰5
116. 11 ,· 119116 6166, 11666111 157,· 1111111616
116166616611166661, 6616111, 116. 228, 1. 11111116
11666 trater 66611, 191116, SE. 1 332 (6. 23),-

611161· 6111166666 61116666, 8111 510,· ube·- .
loge 66111116 916611, 1119116, 61611 natm ,
616661· 1161666 11691116, 1619116166, 616, 8616121 ¹

161911· 6161 6666166 66611, nemum petr·-
166, 116 611166. 011661. Boreo, 61. 8166111. seut
3, 1711 6166 11661611 666 661111, edu.. 11611·
1166 16611116 661161 61611, 6166161, (11.121
6166166 61661 6661116 clipeorum, 9111966, 16116
6116166116661169116166, 616, set„ 9,· rin
11116661 6611166 66611, 0116161116, 111. 11. -·
2) 91961, stet 650 3,· 11171. 561.615,· 6661.
1116666196. ·- 3) 691161, stt. 11 187. 571, ι1

 

