ffl ’

61 1616, 1111611. 153,· 6111161 (61111611),
11111111, 111166 111111111111111161 sanans
9119161111111111611111611 111 nra 16616, 11116.
6,1161’ 1616111 1691116111 1111 puto: 1111616 111
1111161116111, ut 1161166611 111661 vinnam
611166 161 11161111 1 11161, 611661116611111
11111111 1161 1111111. 11 cantans: hugutians.

81166166, adj„ 119111, 91911, 6161
tatianus. Ss‘a 16111 11111111 apud 16111161,
61. 1111161. 1111111. p. 313 111 8116111111111
1111111 1111111 1111, 61 1199161111111 111,
111161111 11911 1111611 111161. 11616 1111-
111, 1111111 ttt3 11. 1111111111. 11111, 111.
73.- 1111111111 11, 1611 61111169, 11116
111 11111111, (1111111161 111, 6111911 11111111,
asts 61 11111, 111111 96611 1111 -11111111 gott
11611116 66 61111 (61111661119111, 61661111,
Krassrlnurl. — 2) 619111,6111111,16111111161.·
6111111 81111111 616, 66 819161181111161, 663.
21 (61611. 311 1191111111 116111161111, 1111
11111161. 11911. 11916111).

811611066161, 11., aspera, 61111 aurata
(111161, 61111111 11. 111161 aspera 1116611111
aurata, serpens, 111161 11. 11116161111, 111-
‘stantuna ttttt‘ttzttt

s ¹ 1
111, tta 86.

8116116, 161.,61911, 6111111, 11916611 11.
1111161 lusus 11111, 1111111· 1111611 116166,
111196116111116111111 6111111111, 911916, 11. 11979,·
1111611161 6116111111911111111, 119. 20, 2,·
11. 16111111 111111111111611111, 11916111, 116.
285, 1,· 11. 8111161 1111 1119911111 aspera
911916, 811111. 7, 12, 6,· 111161 111 1191611111
6666111, nt 179, 2,· 111116 111161 1 1111611,
1111111611, 8611. 171 11. 11161 cannen 611-
11111, durius 1116111, 66. 78,- 11. 1191 6111-
111111 6191111111 111111, 1111116111, 619111-
11616161 11. 1111111111 1161111111161111111-
tasas, 01. 26, 2,· 11116110611111611619611,
sortes, 661116111, F. 11111, 2. 1119111111 111
prosa 11111111 ok 111161, F. tt 266,· 11161
6ξδ111161611 1111, F. ttt 313. 1111119111

111161.
⁶ 811681116111111, 61, 6111111 asperum (111161,
plauto: st. 6111661 11111 asperum 1111 11-
11111,16191111,8Ε. 1 112, 5,· ttt, 5.

sussum, 1., stella, Vsp. 5. 51 ,· nat. 1,
591 1611161, 861116. 111 appell: 11111111
bri, 11111, 11111, 1111111, sculi, 81611
699. - 111111611111116111116116111, Sancta
11111171. 3. 301 1611111161, ld„ 6. 2,·
quta appellatio (1166111 116161 la 6616611116

66111 11111. βψ), 1116111111 6116111161. 811

Isidorus 11119111] ln 0119. 7, 10.- ,,116116,
illuminatrix 1111 111116 116111, 91111111 1111111
lumen 1116161. 81111611 nutent 8916 16111111
Dominus 1111196111, 6191111111, 91116 111111-
1111111 91111111”. 111661. 911111661111116111111-
quoqu-postico, Cambars'ts‘ 1678, 6161111661-
1111111 unsaltan, 611 1169111111 1116111, 611
11911116 naris, 611 amaritudinis 11611, 611
61611116 11111111”. - 2) campas: 6611116161,
tait-rutnans, 11111116111, 11619111116111.

1116111111, 611.. aaa ...11161611
111161), nst 156, 1, 911111111161.

81101111,6.,9111916116661111111, natis:

779

ΙΝ

1116111111 1161661, 11111, 1111116111 6611111,
11116. 30, 1 (1111111). Ρ1111.,11111. 6116111,
(16616111116101661111, noverca (16.911. 11169-
1616111, 611. 1263, 1.

1110111, 11., 116161, 16. 911. 1111111 11.
9661616111161111611, 111, 81. 1, 1,· F. 11
316.1,· 1111111111, 6111511, 1616111111111-
66111111, ld„ ot. 130, 1,· 611. 67, 1; 11
1116161 1111161 116161 111116 1111111116 (1111·-
619116), Rea Nara, F. 11111 11161111.
11111116611, dus, 1119116111, 1. 551 1191111
61111 111111916111, 1119116111, 811. 1616, 1,·
616111 111611 116111 1111611111, 161111111,91116,
68. 19 (cons. bragar 111111, langas· 111111,
111116 1111111); 11. brings 91116111 annuli,
611, 81161611. 2, 63 (sans. 11111, 119111, nanu
6111611, 911111). ln compositis: 6661111611,
1111111111, 1611111111, 1161166111, 1116111111,
1161111611.

111111, 1., renam, 11161... tantm:
11111161 111166 616111191111, 66, 25; 11111111
11111 11111111 pesitus, 1119. administranda 96-
111111, G. 15,- 111111111161, 161111, prases-
1111, 66. 26 (11. VH! 3121. - 21 9111116111-
111111 11111111111 1116 11111111 9111116111111
6111111111111(11611) 6111111611, secat, 81111
1921 11111111· 1116 palma 916616111181. 1,
105 11111111 11131 leatus 9616161611, 116-
611, 611 111111 puppis, 1111 11 111111 116111
contina, 1191. 17, 9. 1111191111 1111111111
skip 116611 91111111111111111111116, F. t'ttt⁷‚·
11116 116 111111 66 clavum 116611, 1111111.
Vite stagatjnrnmntr.

8611168161, 11., 116111 (prosim a 61116
1111111, -161, 11, 119611, 11. 1. 11 ,· F. 111131·
11. 1111111, 1116116116,116111 luna, 1611161111,
66. 63; 61. 9; 61111.,61191’11696, 11111916.
17, 1. - Ρ111., F. 1111312. 6. 1. 18.

sumntum, 661, (1111111, 916
111111. 1911111, 09. 2., 911611 11111111. 1111111·
11111111, 1191111119111, 66116111 (111611, 111611).

summamus, 661, 91111161611669111
(111611,16161)1 11. 1111, 666119611111111111
111116, 1166611. 90.

1116111161, 1., ,1161161111 (96119-
nun gubernationis: 111111,1161), SE. ll 621,
916111111111111181,· 11161111669111, 11565.

1111111111, 1.,61111. 1161166611
91111111 2, 1111),6’6. 911. 1111111111, qu. 1.,

8110611, 11., taurus (1116119. 111111,
(1669111611. 15, 23,· Ges-sn. 8111111 116161
111111 taurus 111111, nanis, 661. 1111611111
116111 11111 navem 1111911 1611111111, 8161

1116111111, 1.,, atam (11111, 611).
11. 61111611111111 11111, 1116111. 1 252.

8116166616, 1.,11666116 (1111111, 111611),
6161 1111111111.

8111116, 11., 9116191611 11. Singulas, 61
8111111111, 111116. 1, 37 (FB. 1 128-9),· 11.
61111111, 1611111, 116111 0611111 11 6111616, stt.
1 266 (6. 11),· 11. 11111, 11111111116181116,
SE. 1 2611 (6. 1111 111111161111191111131·
11111, Ν. 6., filius 011161 11 1616111166, 119. 1, 5.

1111111111, a.. 1111911. 1611111611),
116. 1 268,1 (11111611 , 1116. 371).

 

