'm

14141141, 1414, 1411114· 444141114411 ram
1144444, 11411, 1441444141 414111 4144141111,
14414101814144 24444ῗέ4444
1441144114 14. - 3) 411411 14144144 4 444114
44 11111 11411111, Am. 79 (1414. 41 4114).
Prot„- 4411 4-11 4 4441111111 (444114) 4111111 quem
41111 4114141111, F. 4111114, 1. 4. 18. -·
4) 1411141144411 4111414111,444444111, 1414441141,
ς11114411411111, 4141141411,41441414111, 1111144411,
11414414141111, 1414141111, 1114441111. 443144 morb-
144111. - 5) 1411441114 141144111411114141414,
11141111, [ere 114 144111 41111. 4141141, 31114111

411111 11414141 44 11441411 411411 44114, 08. 5,
14311490. p. 169 14131114.

ΤΕΙΤΑ (-44, 444, 44), 3444141111 (41441)1
41144 mik 444441 41143 411 14111414, F. 11 249,
2. 4114. 114. 44444134, 4114 31144414, 114441·
114, 14141 promen-ndi.

ΤΕΙΤΑΝ, 4., 41144441 (4144141 444441 414
1114411 414, 11144441 11444 11111141 11311414 411-
143144141, 4411111. 42, 6. Vade 11414141 44444411.

111144, 14414111 4111444111, SE. 1 548,
2,· 11 469. 552 (1414111114 11644).

mm, 4., 1114444111 1114441 1·111 leik 111
44444 4111144144 11 41144441 1141114114 14444411,
144. 18, 4 ,· 4441114411, 011. 1, 24,· 111414 41444
4411111 4414111114 proloqui, 041. 2, 44 411.
41144114, 1114. 1 2261 111141 411ςί114 44444 11114
4114444114 11444111, 11111111 1144441111 43441
441141, 0. 38,· 11111444 4., 114 11111 1111441,
4111311 4444 egg 1111141111 44444, 111144. 4144.
31, 3, 1144 41141 (4444441141 1114111141 11444, 41141111
4411 44444 114 4114 yram, 31141414 0114444,
4413411, 11411, 44441 ms 41444, 911341 13
1113143114 1144, 111. 1 90 1. 4. 6, 413 11444
m· 41444 11111034441114141 quarere, 4114-
111111 4111111, 144. 49. 7. 111 41414141 44141444.

mimis, 4.,111411114111141, 311141141441
1111444141 (41444, 11144)1 411444 111 4144411411,
Korn. 24, 4. Cons- 14144114, m 1226.

mm, 41. , 4114 41441141 113344 (44444)1
41444111111111 411144 4411111141τί1 11 411111 a·
4441111141, 44141411, 11417, 7. V· 1 41414141
1414414441, 1414414441.

4144144, 1134, 4114111, 44111411 34 3441, 414.
8,· 144 3411, SE. 11411, 3,· 311141, 8141
646, 2,· m. 9, 2,· 31 11111441, 041. 47, 4,· 34
omas, um. 1, 1,· 111. 111, 1,· lasciviens,
31 equo, 44141141. 90. - 2) 111 conpositis:
4411144441, 4111444441, 44141441, 1111444441, 111414-
41441, 44141441, 14141441. - 3) Nota: 41141
4111141144 411 4441111411 44444, 11443111,111131
1114141414111, 4144141, 444411, 4411411. 11114114-
4111, 1431 walchen· 84414144. 4144111. Vol. 2.
414587. 841 411. 41411· 14 41443114, 1411-
14111, 1141111141, 1111411 1111111141, 4441144114.

411414, 144111 41111, 544414314444.

Tm, 1141113111, cfr. 411441, 4414, 14311114
44 4412.

ΥΤΕΚΚ, 11414441, 4. 1. 41141. 443. 114. 14144
4144, 11144411 41111. 4. 4114441 44411 41141141
444134141141 14113441 11111, 011. 70, 3. reu-t
411 11111 13414441, 111111 1114. 44, 1441043
(F. 44 203, 3).

4144443. qu. 4414, decipere.- 41131 44111111
31141 31114414, 44114. 36.

rm (-i‚ 44, 4), 31144111, 3141 14111144·

842 ’

m

4111411 (441 , 44 41143141 ma, 4111141
11141 111., 14 441141 11114111 hugi, 43 in 4111·
31114 44311444 114 4113144141 anina, 414111.
91 ,· 4414 44134 1144411 4141444 43 4111141114 44-
1111, 111. 111, 1111 141 mur vm· κη
3114444, 8444. 34,- 41111 nug 44141 caespes,
4414331 4114. 1114, 41114444, (rada, 444·
4114111111, 143111441441414414444. 4114. 4111,
44131 1114111111 mihi 4111441 411111 deceptus, 44444
14111 inebriatus, 0141. 50.

1111111 (1, 1.,1), 111111. meum ’

444111, 111111, 4141411111 (44414), 4431 41414,
1441. 15, 1144 14141414. 4114114 {omn 444ῂί
4114. 4114, 4114311 44414411 441444, 411 41111·
41141, 11141411 13144141, 84. 75, 2. 11411144
4114, 41111111 11111141 4441441444 (444444444444)
sent. 1, 1 1 mm 111 wadan. 411

’484114 (444, 44434, 44144 144414), mun,
1411111111, 1111141111, 11144411 (441, mm),
1. 144, 44434 4114 1111414444 4441414144, 44.

2, 351 4144. 44144, 441144 41414 44144 44 ne· ³

14111 1111441114, 814414. 22,· 4. mu geb-
ῇ41441 14 4404111444, 1114114 1441111· 1144·
4411, SE. 11307, 6,· 41111 44 44144 411 44·
4111114341 111441, 444161 4. 441 (4ο.) r&
4414414111,14111111,11144111,1111144111, 444. 4,·
4. 4414 4111 44144 1444 1111111111 3114 m

4141414441, 31111. 162,· 4. 441 14 411444441-
1111 1444111111 (1411111111) 1111444141· a

4111411 41111111, 04. 121 4. 114411 44448 ἰ
414441414141141411144111, 041. 9,· 41444 441 3

41144 444114114411111 441441 41144 a 41444

14441419144134111 41111144, 0111. 1,· 4144144 4

um 41144 411414141411114114144141, 041. 2014.
4144 444 1144 914111 13 3414 1441114, 881
248, 2,· 252, 1,· 4. 414114 4411114414 m
13 41111141 1114111 1414141411, 414. 1314.
(1,· 1144 41114) 441 11141114 1114444 ,w 44
41111414 41141141 1144111, 144434 201 mvi
41134 114441 4141444111· 41 1141144114 441 41·
1434411444, 41. 111 11444411 1111 “ ’
1131111144, 1444 1443441144, F. 11 306, 2
4141. 411441 11111411 11111 usu-wari, 4. 1. 414-
4114114, 1141114411, 041. 36. 41144414. 444441,
4141111411, 811 1 589, 2,· 44144 (τε 441441),
4111141141, sa! 556, 3,· 557, 2,· 569,1. 444.
44141 411ςί 14114414 11144 4114111 m 144444
4111141114 414414, 034. 50,- Ay (Amyn-r). ·-
2) 341114, loqui. 41111414,144114,· 344114, 115⁸&
20,- Α111.87,· 4414434444 11, 4114341114 44, 08.
118 ; 4414111114, 34144111 1114 4414, 4. aum,
141111. 3; 4113411111, 14411141 4144 414 ek 41141,
Ῠ.22,· ek 411 4111414411 1441111. 88, quil-³
11144 1144134411 4114, 1114, 44111 11444 441141
11111 habituum, 811. 4, 211 111. 14 24441
11111141 411411 114441444Ιί1· 3144441 4141441141,
411. 11111, 1 (from, ascen, 411111 111
1111114111011111114114114, F. Vn 188),· 41144
414111 111114, proloqui, 411441111 14441441
44414 1111441 (4141444114, prolem 11413141 4411·
11111 1111114 11113431 (1111114114), SE. 1 468. 4
mx, recenseo, numero, 1. 4. pm 444.
1141. 41444, 1114441414. 4111. ok, SE. 14141
msa, 11414411,3.4.4101.,443.4ι44.1-
44144, 43. qu. 4114 :teir 144, 011. 148
mmuh, 111., 44111. tenu, 1414. 1 465, 1. 1. 4
mm (4411, 4111131, 414144), dam:
(441111), 4. 4111, 114444, 41144, 141114, 44. 13.

 

