1111

1 138, 3. 1111111111. 7111111111 1. 16 .· ,111
11 11111111 11111, 11 1111111111· 1111 1111 111111,
kann 1111 111111. En 11 1111111111111 11111
1111111111 1 bobum 1111111111111,111111111 1111111
1111,1111111111111, negl, 1111 111111, 11 1111111
111ἱ’1..“1.ξ.“ἷ“111..’1ῖ.,11 111111
1111 11111111 11111111 11111 11 1111111111.

F 1111, OT. 18, 3, 01111111111.111. 111,
1111111, plur. 1 111, 111 1 euphonia 1111111 111-
11111, 2.- 1111111-111111 111, 1111119111 1111111,
clipei, 11 111111 11111. 1. mr, 11. qu. loggja
111111. 11111111. mer. E. 11. 1. 111111 11111,
F. 1 95, 1 11111 (1111111111. codd. B 11 C,
811 116), 1111 11111111 11111 11111 1111 11111
11111.

1011111111, 1., 1111111111, 111 quo 1111111111·
111111, (111, 1111),111 9111111111. 11111111),
1111111111 Helas 11111111 11113 11111111, 811.
11 191 (aa, 111111, 11 11 gallim· 1111111111
1111111111 app 1 11111111).

8088110111, 1111, qui 111 1111 11111111
11111111 11111111, 11111. 1, 16 (F. Χ 269).

memma, 111, vestibulum, propyloeum
1111. 1. 1111ς1111,1111. pl. 1111111111, 11111111. 2. 3.

mmmm, 111, 1111911 fortitudine,
(1111,11111111.,111111111), F. 71319, 1.

-1111111, 111 compos„ 1. nundinari, 111111-
1111 (1111, 1111).

10111111, 111, 11111111, 11 111111 111111, 111.
1 212, 11111. 1111111111111,111111111 11111111,
11111111 11111111. 1111111111111111111111111111111.

rmum, 1, 1111111111, (111, 11111111,
111 1111111111), 11111111 occurrit 011111. p. 100,
²ertfveifzn 11 [11113111 (11111 11111111 Swmq

1111”, 111 11111111“11. ’“111
11111111, 1111111111 quid 11 1111111111, 11. qu.
11111 1111111111, 111. 11 326 “var 1111111111 111
11111111 1 11111111, 11 lengi 111111 11111 11111
11111 1111111111. 1111111111 1111, 1111111111-
11111 1111 exoptatum, 81111111. 19. Alias 11
1111111111 1 111 vetem, 111 adverbium, poni·
1111 111111 1111111 11 1111111111, 111 1. 111,
11111, mihin, mam.

FonxUNNmun, adj„ 11111111111911-
111 1111111111111111111111 211 11111111

1 1

1111111 vib ffignub 111111 Ι 11111111111,111

111111 111 11111111, Ι 1111111111111111111111111,
1111 1111111111, via 11111111 formulis· 11111111
propter 1111 1111111111 1111111111. 011. c. 61111
11111111111 1111111111,1111 F. 17125111
‘ptr 1111111111. 11111 1111111111· 111. 1111·
11111111ς11 1. 111111111111. 90111. V! 111, 11111
1111111111 1111)ς bias· forknnnligt, 111111,
ι’,111111111011118611,811111111611111, 1. 11111111131
(a 11111 1111111 1111111 111111 11111 1111111· 111
11 1111.

1111111111, 111, 1111111111, 11111111,
1111111111, (111, 11111111.,11111) 1 11111 hit 1111·
11111, F. 1 176, 1,· 11111111, 1111111111 111111
1111111 11111111 Ι 1111111111111111111111 1111111
111111, 1111. 11.

mabbo, 11. pl„ 1111(1111, 11111 111111
1111111111 1111111111 1111 1111111111, 111111. 21 ,·
111111 1111111111 11111111 11111111 111111 aliquo
11111111111111, 1111 1153. 2.

1111 111

1101111, 11, 11111111 Ga. 111111111111111
1111111 1111111 ι 11111111 ‘br 11 111 stein
111111 dmum, 11111· 1111, 1111111 quadrata,
111111111ῑ 61. 69, 1111111 1111111 11111111 aad}
11111111 styria 111111 1111111 11111,111111111111,
1111111 11111111 ,11111111 1111111111,1111111
1ὁ15111ὃ11111111111111111111111111111111111111111).

roam (-1111,-11),1.1, 1111111111, 111111,
fingere: 1. 11111 verba 1111111, 11111111 11111
tt 1111111 111 loqui cepit, 111. 15. Cum 1111,
1111111111, 1111111111111111 kam Ι 011111·
lugug- 11- 11111111, 11111 11111111 111111111111-
111συί1, F. 111219, 3. 11111111111111111111111.

1101111111, 1. , institutum: 011111 111111
11111 111111 1111111111, Ag.

8011111118, 111.,11. qu. 1111111813 11 proe-
11111 111111, swa& 6, 36. 37.
0111051411111111, 111, 1111111111,(1111,1111111),

hommum, 111, patronus, 11111111
(111, 111111111. ·11111, 1111111111. 25. 63.

801111, 111.,11111111,’11111111111, 1111111 11111
11111111, 111111 11111, 11 11111111, 111111 13,·
11111111 roms 11111, 11111111 1111111 111191.
1111111), 1111111111, 811. 1 370,1,· 11111 tom
11111 1111 111111 1111111, 1111111 21,· 1111111111
meld, 11.,11111. 1, 61 ,· 11111111 111111, mique
1111111(111“1111111), antiquitates, 111111. 1, 55,
Alvus. 36,· 111111 fak priscmm opem 111111·
1111, 1111191. 25‚· 111111 111οὸ1 111111 carnea,
11111. 1, 62,· 11111111 1111111 prisca 11111111,
61111. 11,· 11111 111111 1111111111111111, 61111.
22,· 11111 1111111 111111111111111111111), aba
11,· 111111 1111111 11111111 plenus 11111111 11111111,
811. 37,· 111111 11111111· 111111, 1111 11111111
1111111111, 1111111111, Korn. 26, 2. conpar„
11 1111 111111111111 1111111111 111911 antiqua,
11111. 2. (11111111.,1.1111111111111, 11111111.

Fon, 1., 1111111111 1111111111, (1111), pl.
1111111, An. 5. —· 2) apud 111111111111111-
cium, 111111 11111, 1111111111111111111, 1111-
1111 111111111111111, 111111 111111111111, 811. 11
111, 1,· 1111111111 (111 1111111111-
1111111, neque 1111111111111111111111), 11119111. 28,
5,· 111111 1111111 1111111111 1111111, 111. 10.
01 eucharistia, 11111 111111, 1111111111 11111
111111111111111111111 ι 1111111111 11111111, Gt
62, 111 F. 111 38, 1111111 11111111 ok 1111 1111
1111111111 gani. 1111116111111111111111, 0111-
:i'fzs‚⁹“·„f'.⁰2 111111111111 12&
bom 1111111111, Crux! sustulerunt) 1
1111111111 1111 11111, 11111111111111 111111, .
37,· 11111111 11111 11111 1111111, 11811111111111
111111111111 111111, gripu 11111111 1111111
{ituci 11111 1111111111111111, Nu. 2⁶.

1011111110ῦῆ, 11, 1111111111 1111111111, (1111,
1111111 1111111111,ρ1., 1111111111 1111111111, 1111-
111111 fe 11111 a majoribus 11111111 (1111111111
1111111111111ἷ11111....
111111 11111111. 511, Vsp. 12, pro 1111111111
(quid. hornbogi).

1011861181, adj„ 1111111111, 1111111111,
(111111, 11101 1111111111, 111.,811. 1 238,
1111111111, 111. 011. 11111111., fontem.

 

