11111

91,5,·1111111911119111191119. 29, 2,·
ht} (6111111) mus 119111 111111 1111111 ea
111111 1111111) 119111 11111111 1111911, 61.
191616 168016 119111 1111111 11111111-
1111111,151111111, 11111. 1, 8. 011191111111
1111111111. e·n 1111 11111 11111111, 11. 1111-
11111111,1111111111,111111,11,5,·111111191111
1111191111 1111111111, 1111111111,11911111111,
leel. 1, 7, 9111911111111111111111111, G.
2591119111 hstis 11191191 111111, 11111. 1,
37,· 11111111111111111 819111 1111119 111111
1191191111191111111111111, Β. Vt 236, 1. -
2)11111911,.· 11, 1111111 111111 celare, 111111,
11;19111111111111111111,111111. 11,·
1111119111 119111 111111 1111111111ο111) 911-
1111191111,119,55,1,·1,91·1911111911-
11111111 1111111111111 111111,6.2. 6111
119119 st 1191119 911111 91191111 sorum 1111111-
1111 11111 16111111) divinitatem 111111 111·
11191111111111, Β11. 18.

mm, 1,,111111, 9111111 1111111)1 11111
0111111111 ok 11111 9191 {tueri et 11111111
1111111 11111111 111111,11111.11;11119111
99111 119111 1111.) dejectus 111111 011111,
6111 50,· 111 otius 119111 111 91111111 911111
1111111111111, 11 9111111111 911111, Β, 1152,
3, 1111 hylli 61111111111 11911111, 9111.

116 71111, 2,15),·11111111191119111 1911.)
11191111111111 1111111111 11911111, 711111. 11,

111 tete· titgjsetir 111111 11 111 11111111-
11111191111111111 distribuit, 111. 101, 3.

11111111, 1.,111. 19111111, 9111111
111, 911 eIsJ'eeta 111 horizontem 11111,1,1,
111111, 1119111, promontoria, 111111,11911
111111 1191191111 1 1111911911 elevari (tolli)
11111111,11111,11.Β.11111.119 1119111119
1199191111911911111191111 1111 9111111111
11811111 611111. 1111.1,118-19;Νο11.
tiltres 1911111111. 11111 19111191 11111 1111-
911 1111191111 191111, 111111, 9111 h 1111191
1191111111 1111111111111, 111111, 3, 9.

111111,11,1111,8Ε. 1575,1191191.
911911, 1111169 91111911111119119111111-

,9111119111 11, 911. -,111 111
111. 1111911 1111..) 19111131011)
1119111111 1191111 11111 1111111111 91191111),
ms? 6666611666,
111 i„ t certiores 1111 iones 11111111 111111-
[nnn 1111111, 11911911 1111111111 111111-
111111121111111,
1111111911 111111111111111 111111 1111111111,
1 e 1111 111111111111 entem

61111116 ,J., 91111111119111111111 11, rlJJJ:
6191111111111191119919111,116 1111111-
11· 1911 119111111191111 11111111, 911,111 11111
119911111111119111911,9111,,91111111191111
6611116169Ιῖ6,δῇ 911 1119111 11191 11111
1111111111,11111 1.11111.,1111111 Jus-

amoriensem, 19 heim 1111-

JtoJ, tt 111 19,1,11 11 presa 11111111
9119 111111 111111111111111 111 1111111111
tffi'sue 1.,11. 1,11111.,11119111911111)
11 111111, 111 1110111 1191119 nisi 911111
01, 11 tenebris 1111111,11111111.611111111
0011111191111119111111111911111111111·

131 11111

11111, 9111119 Β 9111111111112191991119119 11111111
1111111116. 11111· Vt! 1951

11111111,11., 1191111· 919111,91111 79111,
1191115ς 111111 1111111111,811,Ρ1168-79,·
11111111 nynia 911111 1111111,91911, 11
11911111, SE. 1312, 2. 1111111 1111111911
111111, 9111111111 1111,1. e. 1111111, 1111-
1111,1161111111111111111111 1111111,111111,
1111111112,

HYNDLA, J 111111 11111111 91911111,11
911 1191111.

11111111,11,1·1.91.111111, 11111, 111111
’Ἥ11116’1”111“”“11’,’6 ,66 1,
11111111 111111111111, 111 AS. 111911,11191.
119111911111111 11911111- 1)1111. 11111111,
111 tediosa exspectationis, 111 1111 otiari,
91999119911191111111111)111119911119119919
a 1.,111111-1)111 111·
111 1119191111, 11111111 111911111111,11111
11. 91.1111111119·1911,11111111111111;11
11111111 111119, 611911 152, 111111 11111111
aneilla, 1 11111 1111111111,11,11,1119 -
1) 11 61111, 61119111 11111111 vertitur: 111
1111111111111 1111111111,11 hJi [assilierit
(1111111111,1111111111111111111.
1,111’1“119.1,) - 1) 11111191, Peter-
1111 6111111111.61191,193,1 1191111111
his 111911,1111911. 1119 11119111,1111
11191111 1119111111 1111111. 1111111111 6,
Pauli 161111. 111. 61111. 1111 11111111)1111·
11111 eodem 11111 11111 Regnat 1115111111
111111 simili. 11111 1111111111 1111111, 11111
1111111111 11111711 111 1119111111 11111. 1 259)
11111111 111. 11. Β9511111 hJsr 111111, 9111
lectio, 911111 11111111111111111111 noto 111-
1111111, 1111111111 11111 est, 1111 1191111111
911111, 1111111111 111. Β. [1111111111 1111111
1111111.

4111111111 1111. 1111191111 1111199-
119911,1111191999“1,1111111111 s 1111191 119-
1111,111111,1119111-19911 veste 11111111.
9119919911 111511. et 1111.,1199111, 11., 11 111,

MR, 1111. 23, ee 1111111 pertinet 11 111·
11511111111111699.1111191Ρ

6160111011,111,,1111191111111, 01111),
11111111.,9111111111ῌ1111 19111111 911-
111, 91911111, 11111111, 1111111. y:25 11111111
1191119111 1119111111,111111.

111111111111, 5111111911111111,11911
111111111111111

t
111111 11111111, 6111, 11 tto.

11111191111,11,19111 1111191111, 911-1

111111 911, 1191), humes 11191 1911191111·

k. 13 1111111191111119111191111),15
1111111 111191· 1111111 1111111111,111111,111111111
11191 1191119111 1111111, 1111111, 119111 911-
sessor, 111.

1111111061, 11. ,191111191111111 11,1191)1
11119111,191111 9111111 1911111111 efferens,
91911111, SE. 11 128,111. 1111. 7, a 1111911
yffiffiffifflm 1166191111 1111111 (11911,
111991--11199116 9111111111 11, 191111 111-
9111111111)1191111, 91911111,111,191111-
111111 1191119111 clipei, 91111111, 111. 1111,

 

