1111.

m, 1., sm· (111111, 10991111), 111.
1 577, 3,· 11 623 (11111111, 11 180. 563).

1111010011, 11., arena 11111 (1111, unm:
110131· 1111390110 1111110111 possessor 111111
ῖ11111011111111110, 111. 1111, ιφ,
nim, 1131.,1111111111, 1111111, 13. 911. 11019-
1110, F. 71 79,101. 1111. 3.

111101, 10111, 011. s. 01111, sed 0111,
1111113. 2, 28 ,· 01911111110101111111, filia 60-
111, 11110, 1111061.10,· 011111111111 11091111-
101 03111110311110111, 1111111111, 11110, 8011-
1111. 211 01111 11111111, 13. , 1111236, 3. -
2) 11101 1101101111 01111111 1101 11111011191103
nipt 31110111 11110111 apud antiquos, 1911
9111011011”, 0110911111, 03 11111131. 10)
(11111),1”. 1. 11110, 11. 1, 3, 11. SE. 154,-
0191 nm 11110 111 10911111 110111, 1111131111,
1111113. 1, 1. - 3) neptis 11 sorore.- nipt
Fssys 11111111 111 111011 71191,1110 711911,
1111111111, SE. 13111, 2. - 1) 1111111111, SE. 1
557, 2; 3111011110,119. 10, 1;113111113·
11191. - 5) 019111, sm 291, 3, 111 1011111-
11110 1101111, pro 111111, 911. 1.

1118, 1.,111111111, SE. 1577, 2,· 11 180. 623,·
1111111 11111, 01111111 11011110111110311111 111811-
110. 7131011. - 2) 1101, SE. 11115. 569,
111 dags· 11111001.

le'l'A (-ti,-ss‚-t)‚ 11111111 91101111, 1111111
(nest), Krss. 22,· 01111111111111, 11· 11131·
1191 011111, 1111110111 310 som 1131111109-
0111 (quo 1110 exprimitur aistis) ‚ 11111111
11011 9111 1111190011 1011111101111, 11
710110901119111 1111111 10111111 1011 0
7111111111. Sed 1101013011 010101100011111
1011110110311111111 111 1011 ι 1..., 1111111
es 11101111 3111111111 esse, 111 911Ι 1910 111111·-
sigi 1191131111 putaverim 111191, 1. 1. 911110-
pm 11011 111111, 1101 111, 9111 11111 11191101, 9111
1111111 11111111111111. 111111 111111110011031,
11.1·,11;.111;·ϊ··.1.’·.1.·;··.1;0·τ
1110110031, 1011110031. 11911 71011111111
1101111· skal 119111 310110 10100 11 11111111
111, sk 11111 11100 11ςὶ 111011111111 111, 111
1111 111100 111111100οι 1111010 1110001 01111010,
111 11 111011 verbi 113 11οι11 10100, 011 nisti
sus 11 0111111101 111 cibun proebsat. 81111111
81111111. 01111. 1, 527,11011., 0111100301111
1111 1111110111, 011011101101111111, 11111111·
10111011 sas 1111111011.

111811 (-1ἰ,-11,-1), 1191111 ιι. 11111111-
1011 (enses) 11319111 911111, 11. 16,· 110111·
011111· 1111 110111 11111110 111111 03110, 1.1.
32 ,· 011111 111111 9111311 1111111110, 111. 56. 111
1111011115 (011111 710),· 71111. 13,· 81011.

111871, 11., 1111111111, ss 111901 astrea 111 111-
9111110 111 911101311111311110111110010, 011
11111110, 119. 57 ,· 81111311. 3, 9.

1118111111, 1., 11111111 (Dan. 111,, noste
1) 1111119 2) 11111111),· 1111111081). 1 110,
1, 1131 1110101101. 111 prosa: 111011ιο 11111109
1 silki 1111111111 11111011 03111111, 719091. 8.
C. 111310 .

11118113, 111, 9111 11111111 91111111 (01111)ι 0.
111, 1111111311,111μ 9010901111, 10111, lupis

601 - 1111

escam 301,911111’0101, bellator, 111, Fa. 11
96,· 7101. 37 ,· Sis. 20, 1 (F. 711 235, 1),-
01. 1,· 1. 1111011. 111111, 11. 1. 1111
71111·’31111ῗῖ1111ἶὲ11110), 11. ,..
111111, 1111131111 ιι. 1-01119111,110111 91113,
Am. 7. 67,· 001111911111101111, 011. 186,
7,· 0. 9011011111 1111910101 acceptare nolle,
Si. 1, 3 (F. VH 80, 1) ‚· 0. primm 1011110-
3111011311111,611. 5, 1 (F. 711 339),· 0.
1011 111110 1111131 a 1111111 11110 ss 1111131111
11111, 011. 11, 1,· 11111 10111, accipere 111111,
011. 192, 1,· 011301010111111 110111· (dat),
Christum 1111119011, 0911011111 111111, 3171-
110, 11111. 50. - 2) 1111113111 (sd. 911. haemo:
1011 1111 1111 01111 01111011 11111 rem 1111111 111-
11111111’111111711711111311.
0010111, 10111 1111111111; 0. 1139101111 0111 1111
190 11111111, 7., 31111101 1111010113, 113 ns
1101110111 001 1111,11190111111 111111 111. 1111111-
1111 91010101, 1111 111 1011111111 1111. 01101101,
Ass. 67,· F. 1109101ιηί1111 1119001111111
1111111011 111111, 1133110 illustratione.- 0310
11911 111111 1111111 , 111191 1111 0911111 1111111
111 91011111 1111111111 11011111 11111 pro 110111
11 11119111, 91011111 1111113111, 111111. Sos
11111111 110111 1111111111 0110111101 1111001111-
11111. 1111111111 11113. 110111. 111 0111. 119111-
31111111111111 vita 11111111, punire. 70111 a
nilts (111,-11) :s 101111, 11. 1. 11111111 1. 110-
11011.

Nm, 1113101, 1101111, 711. 2,· 711111. 131
Alam. 9,· 10111010 1003111 11111130101, 611. 1

111οΝ111, 131, 11011111,111111111.157,· 711111.
36,· 01111. 14,- 01911.

Nm, 1., 01111111 1101100311, 13. 90. 111119
301. Nisi, 111. Nisus, F. 71 311, 2. 317.
318, 1,· Si 1 520, 2.

ΜΒ, 1., 11111701119111,111 11111111 11110113·
senceum 1111010111110911 1713010101, sE.
1111, 1,· 1111. 111, 1. 111, 0. 111111 mgr
1111111 amuis, 11110111 10031 111111 1119110101
1111111111,111, 11. 22 ,· 011111· 111011 191111 111-
11111 11Μ11111111110111111111 murm*

MD. 11., interlunium (01111. Ν11, Nun: 111
011 01111110 1111 regin, 71111021· 0111 11111
11111’1113171111117121111111,
Vsp. 6, essm 11111101. Ss's SE. 1 561 111101
011111 9111191 1109111 011111 1111101 01013110.
111111 01δο 1011 arx 111111011111111, 1 sam:
djsip 11111 11011111 1191111 10111111, oppos. djsip
3119111111, SE. 11031, 2. 111111 0111109111·
sancum senem, 0,. 0,· 011. 11. 11111
0110191111,13., sss. 202. - 2) 1111111 (111111-
111111111111), 811. 1 172. 61. ny.

1111), 11., contumelia, 111 1111111111, 1101111101
11113100 111111 contumeliam 11111 1111111111, 31
111,...111111
111 aliquem jacere, 0111. 37,·91101111111.· luinge
0111 1111111111 1101111111, NJ. 15,· 111 11., 1131
31110115 13. 911. 191011091010811111. 7,11,
(11247, 39),· 111111. 17, 2. 20, 2181111311.
5, .

 

